1,91.9749,0.3636364,0
2,44.5102,0.3636364,0
3,61.5361,0.3636364,0
4,35.0103,0.3636364,0
5,48.6857,0.3636364,0
6,40.5232,0.3636364,0
7,70.8343,0.3636364,0
8,53.9945,0.3636364,0
9,50.615,0.3636364,0
10,45.079,0.3636364,0
11,47.08,0.3636364,0
12,39.0859,0.3636364,0
13,50.0349,0.3636364,0
14,67.0915,0.3636364,0
15,70.5351,0.3636364,0
16,38.0927,0.3636364,0
17,47.3439,0.3636364,0
18,47.1446,0.3636364,0
19,56.1023,0.3636364,0
20,52.2168,0.3636364,0
21,94.2945,0.3636364,0
22,51.3786,0.3636364,0
23,50.5652,0.3636364,0
24,32.3106,0.3636364,0
25,48.3673,0.3636364,0
26,45.3318,0.3636364,0
27,59.058,0.3636364,0
28,59.5089,0.3636364,0
29,47.1404,0.3636364,0
30,48.1492,0.3636364,0
31,48.8416,0.3636364,0
32,51.261,0.3636364,0
33,50.113,0.3636364,0
34,41.6164,0.3636364,0
35,48.2726,0.3636364,0
36,38.0745,0.3636364,0
37,50.1926,0.3636364,0
38,52.5917,0.3636364,0
39,54.4852,0.3636364,0
40,67.557,0.3636364,0
41,54.0241,0.3636364,0
42,51.0231,0.3636364,0
43,81.0469,0.3636364,0
44,76.0764,0.3636364,0
45,82.9077,0.3636364,0
46,79.6982,0.3636364,0
47,64.3285,0.3636364,0
48,135.4942,0.3636364,0
49,80.5532,0.3636364,0
50,86.6132,0.3636364,0
51,78.9541,0.3636364,1
52,68.808,0.3636364,1
53,70.6253,0.3636364,1
54,87.977,0.3636364,1
55,60.8461,0.3636364,1
56,58.093,0.3636364,1
57,62.2718,0.3636364,1
58,62.0269,0.3636364,1
31,60.5401,0.3636364,1
19,72.0183,0.3636364,1
59,39.5939,0.3636364,1
60,55.1101,0.3636364,1
61,73.949,0.3636364,1
62,41.7045,0.3636364,1
27,74.909,0.3636364,1
44,66.6789,0.3636364,1
63,51.8484,0.3636364,1
64,70.8306,0.3636364,1
17,58.8699,0.3636364,1
23,48.0128,0.3636364,1
49,66.0501,0.3636364,1
47,55.2821,0.3636364,1
21,67.1237,0.3636364,1
18,61.6683,0.3636364,1
65,46.6575,0.3636364,1
66,78.6203,0.3636364,1
67,62.6418,0.3636364,1
68,67.1951,0.3636364,1
18,65.7916,0.3636364,1
35,56.1341,0.3636364,1
69,53.7723,0.3636364,1
70,52.3114,0.3636364,1
40,80.6782,0.3636364,1
15,70.5174,0.3636364,1
71,65.198,0.3636364,1
72,71.1329,0.3636364,1
30,59.1368,0.3636364,1
40,66.9831,0.3636364,1
73,55.4416,0.3636364,1
74,65.5631,0.3636364,1
75,53.0727,0.3636364,1
76,58.3539,0.3636364,1
77,80.1976,0.3636364,1
78,73.6261,0.3636364,1
79,46.2095,0.3636364,1
80,64.3628,0.3636364,1
81,57.4148,0.3636364,1
82,54.1315,0.3636364,1
21,66.1762,0.3636364,1
6,59.4714,0.3636364,1
83,63.6027,0.3636364,2
84,79.4973,0.3636364,2
85,73.7215,0.3636364,2
86,59.8105,0.3636364,2
87,63.8291,0.3636364,2
88,84.1174,0.3636364,2
73,62.2278,0.3636364,2
70,52.0356,0.3636364,2
89,80.9311,0.3636364,2
90,54.9293,0.3636364,2
52,55.928,0.3636364,2
72,66.4627,0.3636364,2
17,63.6869,0.3636364,2
62,44.8186,0.3636364,2
91,49.3817,0.3636364,2
92,62.5672,0.3636364,2
93,63.9258,0.3636364,2
94,60.2241,0.3636364,2
95,74.3739,0.3636364,2
96,44.875,0.3636364,2
97,60.4279,0.3636364,2
98,55.0919,0.3636364,2
40,75.2972,0.3636364,2
73,65.6595,0.3636364,2
99,58.3563,0.3636364,2
100,69.0587,0.3636364,2
17,54.6297,0.3636364,2
78,55.6525,0.3636364,2
18,57.1174,0.3636364,2
74,70.964,0.3636364,2
101,63.657,0.3636364,2
102,57.0939,0.3636364,2
103,41.0331,0.3636364,2
104,53.9831,0.3636364,2
76,52.3598,0.3636364,2
57,60.4772,0.3636364,2
105,55.7075,0.3636364,2
106,61.8359,0.3636364,2
58,64.2096,0.3636364,2
60,54.1148,0.3636364,2
53,56.587,0.3636364,2
79,45.9917,0.3636364,2
107,44.7886,0.3636364,2
108,58.34,0.3636364,2
109,57.8195,0.3636364,2
110,44.0643,0.3636364,2
111,66.0858,0.3636364,2
112,50.3154,0.3636364,2
113,58.2703,0.3636364,2
114,60.5379,0.3636364,2
98,53.537,0.3636364,3
108,49.3869,0.3636364,3
100,70.706,0.3636364,3
101,62.9646,0.3636364,3
115,55.7998,0.3636364,3
116,228.5208,0.3636364,3
117,58.1971,0.3636364,3
118,64.8944,0.3636364,3
119,55.5679,0.3636364,3
120,53.6782,0.3636364,3
92,51.917,0.3636364,3
93,62.8423,0.3636364,3
101,61.3137,0.3636364,3
57,68.8304,0.3636364,3
121,64.6617,0.3636364,3
122,55.8328,0.3636364,3
123,55.4534,0.3636364,3
124,73.4663,0.3636364,3
102,58.4277,0.3636364,3
91,50.0149,0.3636364,3
95,71.5247,0.3636364,3
98,59.079,0.3636364,3
125,54.3264,0.3636364,3
126,62.2817,0.3636364,3
127,67.1495,0.3636364,3
128,58.5229,0.3636364,3
94,68.9121,0.3636364,3
73,54.8898,0.3636364,3
99,52.8374,0.3636364,3
93,59.7264,0.3636364,3
92,53.3033,0.3636364,3
62,48.844,0.3636364,3
129,48.5765,0.3636364,3
130,42.5854,0.3636364,3
131,53.4456,0.3636364,3
132,64.1832,0.3636364,3
133,72.0252,0.3636364,3
134,83.1162,0.3636364,3
135,42.3422,0.3636364,3
136,57.6915,0.3636364,3
137,66.7433,0.3636364,3
138,45.4851,0.3636364,3
95,64.3778,0.3636364,3
84,64.8906,0.3636364,3
84,67.5896,0.3636364,3
96,44.9781,0.3636364,3
139,56.1883,0.3636364,3
140,68.2258,0.3636364,3
52,50.3085,0.3636364,3
90,71.8731,0.3636364,3
141,53.2047,0.3636364,4
142,46.3203,0.3636364,4
143,72.4241,0.3636364,4
144,55.9731,0.3636364,4
145,41.2989,0.3636364,4
146,47.6404,0.3636364,4
133,73.1588,0.3636364,4
73,50.7769,0.3636364,4
147,63.9876,0.3636364,4
148,46.207,0.3636364,4
93,58.2458,0.3636364,4
124,64.7382,0.3636364,4
149,81.838,0.3636364,4
150,45.1149,0.3636364,4
93,63.0249,0.3636364,4
139,53.0097,0.3636364,4
151,53.5341,0.3636364,4
152,48.5524,0.3636364,4
139,55.0803,0.3636364,4
123,48.6207,0.3636364,4
131,46.938,0.3636364,4
101,55.0017,0.3636364,4
153,71.8979,0.3636364,4
154,59.3941,0.3636364,4
155,59.6751,0.3636364,4
156,51.9496,0.3636364,4
91,45.9451,0.3636364,4
101,63.4985,0.3636364,4
157,86.9949,0.3636364,4
158,53.6817,0.3636364,4
159,55.9761,0.3636364,4
160,52.0824,0.3636364,4
161,59.6018,0.3636364,4
162,53.9104,0.3636364,4
163,49.4608,0.3636364,4
164,55.8477,0.3636364,4
165,61.8059,0.3636364,4
166,52.765,0.3636364,4
167,70.5692,0.3636364,4
168,65.2462,0.3636364,4
169,53.3304,0.3636364,4
170,45.8012,0.3636364,4
98,50.6844,0.3636364,4
134,70.789,0.3636364,4
171,62.2393,0.3636364,4
172,74.2188,0.3636364,4
98,54.5604,0.3636364,4
139,59.5445,0.3636364,4
173,69.1457,0.3636364,4
174,47.3426,0.3636364,4
175,54.5206,0.3636364,5
176,78.6615,0.3636364,5
172,77.043,0.3636364,5
172,82.5998,0.3636364,5
177,53.047,0.3636364,5
178,59.3686,0.3636364,5
163,45.7664,0.3636364,5
101,53.4923,0.3636364,5
179,53.9777,0.3636364,5
180,71.2686,0.3636364,5
181,57.3468,0.3636364,5
182,49.8816,0.3636364,5
101,61.2784,0.3636364,5
93,54.1932,0.3636364,5
183,73.764,0.3636364,5
184,57.1129,0.3636364,5
185,54.4964,0.3636364,5
186,54.0499,0.3636364,5
160,51.256,0.3636364,5
155,71.4678,0.3636364,5
187,57.3965,0.3636364,5
188,45.0261,0.3636364,5
148,53.5436,0.3636364,5
170,76.7037,0.3636364,5
189,185.0294,0.3636364,5
190,71.3837,0.3636364,5
191,71.7248,0.3636364,5
192,50.7972,0.3636364,5
193,68.5347,0.3636364,5
194,45.3228,0.3636364,5
141,47.4952,0.3636364,5
155,58.6052,0.3636364,5
195,57.2872,0.3636364,5
196,46.2378,0.3636364,5
197,52.4784,0.3636364,5
198,57.1108,0.3636364,5
158,48.2996,0.3636364,5
91,41.118,0.3636364,5
199,45.3981,0.3636364,5
200,61.8704,0.3636364,5
201,47.2952,0.3636364,5
202,51.4555,0.3636364,5
156,50.1384,0.3636364,5
134,75.4124,0.3636364,5
203,53.7187,0.3636364,5
204,49.0541,0.3636364,5
205,48.0571,0.3636364,5
206,60.1981,0.3636364,5
93,60.548,0.3636364,5
155,59.8744,0.3636364,5
207,150.5006,0.3636364,6
208,60.0588,0.3636364,6
209,52.6571,0.3636364,6
210,81.016,0.3636364,6
211,51.4775,0.3636364,6
212,51.3139,0.3636364,6
160,46.7068,0.3636364,6
196,44.2157,0.3636364,6
213,59.8494,0.3636364,6
214,71.6748,0.3636364,6
215,48.5589,0.3636364,6
216,70.4071,0.3636364,6
217,66.5918,0.3636364,6
218,43.6004,0.3636364,6
193,70.8278,0.3636364,6
189,67.358,0.3636364,6
160,51.7336,0.3636364,6
197,52.1699,0.3636364,6
219,53.7435,0.3636364,6
220,55.5912,0.3636364,6
197,48.9875,0.3636364,6
134,72.6783,0.3636364,6
221,56.8448,0.3636364,6
222,75.8655,0.3636364,6
200,77.2843,0.3636364,6
141,55.4765,0.3636364,6
172,76.2078,0.3636364,6
183,69.874,0.3636364,6
223,50.9437,0.3636364,6
224,212.1077,0.3636364,6
163,57.3608,0.3636364,6
160,51.0613,0.3636364,6
225,37.4918,0.3636364,6
226,88.9265,0.3636364,6
227,56.5914,0.3636364,6
228,46.0088,0.3636364,6
229,56.3738,0.3636364,6
230,53.872,0.3636364,6
155,67.6616,0.3636364,6
184,48.0415,0.3636364,6
231,63.8103,0.3636364,6
232,63.3849,0.3636364,6
233,54.6424,0.3636364,6
234,54.6019,0.3636364,6
235,38.7887,0.3636364,6
236,58.0969,0.3636364,6
172,74.021,0.3636364,6
205,54.613,0.3636364,6
191,70.1692,0.3636364,6
180,60.7271,0.3636364,6
237,69.2074,0.3636364,7
238,55.1539,0.3636364,7
239,72.4013,0.3636364,7
240,72.08,0.3636364,7
241,64.7858,0.3636364,7
242,73.8252,0.3636364,7
243,87.6882,0.3636364,7
244,59.9941,0.3636364,7
214,66.2454,0.3636364,7
183,75.1773,0.3636364,7
245,68.4177,0.3636364,7
246,60.7564,0.3636364,7
227,65.148,0.3636364,7
213,57.1692,0.3636364,7
247,64.43,0.3636364,7
248,87.9016,0.3636364,7
249,54.2791,0.3636364,7
250,52.4748,0.3636364,7
251,40.7573,0.3636364,7
252,65.3629,0.3636364,7
253,69.765,0.3636364,7
254,60.4782,0.3636364,7
255,57.3603,0.3636364,7
256,60.2811,0.3636364,7
257,46.9885,0.3636364,7
258,47.8705,0.3636364,7
234,52.2256,0.3636364,7
229,49.3877,0.3636364,7
196,48.782,0.3636364,7
228,47.8086,0.3636364,7
259,77.1343,0.3636364,7
260,60.5558,0.3636364,7
207,43.8793,0.3636364,7
229,54.6515,0.3636364,7
261,41.1036,0.3636364,7
262,57.8578,0.3636364,7
210,75.2701,0.3636364,7
183,65.7452,0.3636364,7
180,55.8783,0.3636364,7
191,68.9155,0.3636364,7
211,60.308,0.3636364,7
213,69.5334,0.3636364,7
230,54.402,0.3636364,7
223,54.5672,0.3636364,7
263,66.6255,0.3636364,7
264,83.1041,0.3636364,7
265,79.8308,0.3636364,7
266,47.0465,0.3636364,7
267,46.1299,0.3636364,7
268,50.8185,0.3636364,7
269,82.2849,0.3636364,8
270,53.0401,0.3636364,8
271,64.4675,0.3636364,8
272,51.0387,0.3636364,8
183,71.1337,0.3636364,8
239,70.0017,0.3636364,8
183,71.4494,0.3636364,8
196,51.7596,0.3636364,8
273,65.2136,0.3636364,8
274,65.3013,0.3636364,8
191,77.1984,0.3636364,8
183,74.1375,0.3636364,8
262,64.0112,0.3636364,8
237,76.3623,0.3636364,8
275,81.4115,0.3636364,8
276,82.2745,0.3636364,8
253,79.5991,0.3636364,8
246,59.8419,0.3636364,8
277,75.5937,0.3636364,8
278,53.6341,0.3636364,8
279,51.771,0.3636364,8
280,84.5944,0.3636364,8
245,57.5425,0.3636364,8
214,68.7503,0.3636364,8
281,70.0193,0.3636364,8
282,85.6813,0.3636364,8
283,67.1527,0.3636364,8
284,74.5111,0.3636364,8
285,51.0982,0.3636364,8
286,68.2645,0.3636364,8
287,91.3938,0.3636364,8
288,62.4384,0.3636364,8
289,48.1197,0.3636364,8
290,98.2981,0.3636364,8
223,59.6606,0.3636364,8
246,63.1147,0.3636364,8
291,98.7456,0.3636364,8
292,69.515,0.3636364,8
191,82.2176,0.3636364,8
257,56.0444,0.3636364,8
210,77.8623,0.3636364,8
183,68.6697,0.3636364,8
266,48.4438,0.3636364,8
258,63.0306,0.3636364,8
293,54.8288,0.3636364,8
294,57.0545,0.3636364,8
295,60.4414,0.3636364,8
296,59.8883,0.3636364,8
297,72.2681,0.3636364,8
298,48.828,0.3636364,8
191,71.4688,0.3636364,9
286,72.1923,0.3636364,9
299,51.1382,0.3636364,9
300,69.6163,0.3636364,9
301,49.9879,0.3636364,9
302,75.5136,0.3636364,9
303,94.3508,0.3636364,9
304,72.4069,0.3636364,9
305,65.2878,0.3636364,9
306,74.114,0.3636364,9
307,52.6632,0.3636364,9
308,62.5288,0.3636364,9
309,102.5735,0.3636364,9
310,81.7749,0.3636364,9
292,66.6398,0.3636364,9
277,80.1988,0.3636364,9
246,82.2135,0.3636364,9
278,55.319,0.3636364,9
311,116.3875,0.3636364,9
312,50.0311,0.3636364,9
271,72.5148,0.3636364,9
191,99.7427,0.3636364,9
313,67.0191,0.3636364,9
314,74.5135,0.3636364,9
315,70.1435,0.3636364,9
316,57.5303,0.3636364,9
317,72.4604,0.3636364,9
318,67.2329,0.3636364,9
319,60.3836,0.3636364,9
320,52.2013,0.3636364,9
321,46.0926,0.3636364,9
322,50.2265,0.3636364,9
323,78.8198,0.3636364,9
324,58.9803,0.3636364,9
237,65.9481,0.3636364,9
266,55.662,0.3636364,9
325,67.9173,0.3636364,9
326,46.1905,0.3636364,9
262,62.4025,0.3636364,9
253,79.4116,0.3636364,9
270,58.5129,0.3636364,9
239,71.7939,0.3636364,9
223,63.7137,0.3636364,9
223,58.665,0.3636364,9
327,231.3335,0.3636364,9
328,61.8016,0.3636364,9
329,52.6782,0.3636364,9
330,60.7448,0.3636364,9
331,41.8492,0.3636364,9
332,62.7194,0.3636364,9
333,51.5283,0.3636364,10
334,52.6302,0.3636364,10
325,67.8556,0.3636364,10
332,65.696,0.3636364,10
335,51.5693,0.3636364,10
336,54.3437,0.3636364,10
223,59.399,0.3636364,10
309,63.2698,0.3636364,10
271,59.4376,0.3636364,10
326,52.1832,0.3636364,10
319,61.6787,0.3636364,10
320,63.9282,0.3636364,10
246,67.875,0.3636364,10
266,52.7321,0.3636364,10
337,68.8007,0.3636364,10
338,72.1135,0.3636364,10
339,70.3794,0.3636364,10
340,74.046,0.3636364,10
320,63.53,0.3636364,10
299,53.7592,0.3636364,10
313,57.9817,0.3636364,10
246,65.7286,0.3636364,10
341,55.8824,0.3636364,10
342,64.5826,0.3636364,10
320,54.5109,0.3636364,10
191,75.2425,0.3636364,10
322,49.8243,0.3636364,10
271,62.4368,0.3636364,10
343,64.2187,0.3636364,10
344,63.2415,0.3636364,10
345,62.3238,0.3636364,10
346,50.3125,0.3636364,10
347,58.2308,0.3636364,10
348,55.1105,0.3636364,10
330,71.8983,0.3636364,10
321,48.3456,0.3636364,10
349,68.1319,0.3636364,10
350,55.1635,0.3636364,10
351,59.8253,0.3636364,10
352,79.7577,0.3636364,10
353,65.4461,0.3636364,10
354,58.6053,0.3636364,10
355,52.7903,0.3636364,10
356,62.2541,0.3636364,10
316,44.7061,0.3636364,10
319,60.8702,0.3636364,10
357,61.2853,0.3636364,10
358,61.6602,0.3636364,10
359,72.7857,0.3636364,10
360,49.3895,0.3636364,10
343,59.0039,0.3636364,11
321,43.1982,0.3636364,11
361,48.8422,0.3636364,11
362,68.0501,0.3636364,11
363,51.8615,0.3636364,11
364,58.7857,0.3636364,11
357,48.7309,0.3636364,11
333,69.8158,0.3636364,11
365,69.9528,0.3636364,11
366,63.2167,0.3636364,11
367,74.2931,0.3636364,11
368,81.9053,0.3636364,11
369,96.4187,0.3636364,11
370,66.343,0.3636364,11
371,93.6993,0.3636364,11
372,78.8942,0.3636364,11
373,85.5671,0.3636364,11
374,71.65,0.3636364,11
333,66.4527,0.3636364,11
359,81.6841,0.3636364,11
375,51.5154,0.3636364,11
376,48.3472,0.3636364,11
377,83.6795,0.3636364,11
378,77.3867,0.3636364,11
379,67.8093,0.3636364,11
380,48.8762,0.3636364,11
325,66.1716,0.3636364,11
357,46.3816,0.3636364,11
325,65.4417,0.3636364,11
320,58.5325,0.3636364,11
381,59.5303,0.3636364,11
382,59.7259,0.3636364,11
383,53.3561,0.3636364,11
384,51.9796,0.3636364,11
385,72.987,0.3636364,11
386,57.831,0.3636364,11
322,70.6315,0.3636364,11
348,43.8362,0.3636364,11
346,42.2622,0.3636364,11
271,71.655,0.3636364,11
387,58.9667,0.3636364,11
388,40.8016,0.3636364,11
389,51.3338,0.3636364,11
390,54.6291,0.3636364,11
391,71.0934,0.3636364,11
392,51.2654,0.3636364,11
319,60.6596,0.3636364,11
330,62.8382,0.3636364,11
223,60.251,0.3636364,11
313,49.69,0.3636364,11
393,64.6358,0.3636364,12
394,59.085,0.3636364,12
321,50.5111,0.3636364,12
321,50.0905,0.3636364,12
395,54.1997,0.3636364,12
396,57.2395,0.3636364,12
397,62.4216,0.3636364,12
398,74.9834,0.3636364,12
399,57.9841,0.3636364,12
400,46.1884,0.3636364,12
401,54.7036,0.3636364,12
402,61.4454,0.3636364,12
403,42.248,0.3636364,12
404,52.6819,0.3636364,12
405,51.9737,0.3636364,12
406,44.5449,0.3636364,12
407,52.3512,0.3636364,12
408,67.3167,0.3636364,12
364,50.1978,0.3636364,12
359,66.4028,0.3636364,12
390,59.0326,0.3636364,12
376,43.5346,0.3636364,12
409,55.8732,0.3636364,12
410,48.3924,0.3636364,12
411,64.3941,0.3636364,12
412,64.5046,0.3636364,12
413,58.6141,0.3636364,12
414,74.251,0.3636364,12
325,84.4189,0.3636364,12
357,60.8304,0.3636364,12
346,48.7717,0.3636364,12
313,54.0716,0.3636364,12
415,65.8858,0.3636364,12
416,48.4739,0.3636364,12
417,63.6246,0.3636364,12
418,51.8722,0.3636364,12
388,50.3424,0.3636364,12
381,59.2442,0.3636364,12
419,61.3376,0.3636364,12
420,43.7885,0.3636364,12
421,65.7195,0.3636364,12
422,71.7751,0.3636364,12
365,54.5833,0.3636364,12
346,42.3491,0.3636364,12
423,68.0538,0.3636364,12
424,51.68,0.3636364,12
425,51.1598,0.3636364,12
426,93.4934,0.3636364,12
427,52.0521,0.3636364,12
428,50.8431,0.3636364,12
399,58.5767,0.3636364,13
420,48.3317,0.3636364,13
429,71.8934,0.3636364,13
430,54.1922,0.3636364,13
431,46.4341,0.3636364,13
432,53.5223,0.3636364,13
433,61.3726,0.3636364,13
434,65.897,0.3636364,13
411,58.4422,0.3636364,13
399,55.3473,0.3636364,13
435,58.7495,0.3636364,13
436,53.3397,0.3636364,13
412,60.4657,0.3636364,13
418,50.4196,0.3636364,13
437,57.6236,0.3636364,13
438,48.0538,0.3636364,13
439,65.3521,0.3636364,13
440,57.7652,0.3636364,13
405,55.9255,0.3636364,13
397,46.6577,0.3636364,13
408,237.1819,0.3636364,13
424,46.4291,0.3636364,13
441,42.5462,0.3636364,13
442,74.4982,0.3636364,13
443,65.3705,0.3636364,13
444,57.8072,0.3636364,13
445,49.2739,0.3636364,13
446,57.5456,0.3636364,13
376,40.8107,0.3636364,13
425,47.3926,0.3636364,13
420,40.3865,0.3636364,13
406,44.1383,0.3636364,13
447,63.6055,0.3636364,13
448,65.5374,0.3636364,13
449,62.3165,0.3636364,13
450,49.0648,0.3636364,13
399,58.0587,0.3636364,13
397,52.4563,0.3636364,13
451,49.9557,0.3636364,13
452,51.5927,0.3636364,13
411,53.5068,0.3636364,13
406,63.4881,0.3636364,13
453,80.2842,0.3636364,13
454,49.5574,0.3636364,13
321,46.6271,0.3636364,13
406,51.4558,0.3636364,13
455,50.0751,0.3636364,13
456,57.7673,0.3636364,13
457,63.9357,0.3636364,13
458,43.7571,0.3636364,13
459,58.1187,0.3636364,14
460,57.9066,0.3636364,14
461,65.4453,0.3636364,14
462,51.6529,0.3636364,14
463,59.3761,0.3636364,14
464,78.1047,0.3636364,14
465,47.5863,0.3636364,14
466,63.2714,0.3636364,14
443,70.5558,0.3636364,14
412,55.7013,0.3636364,14
467,67.9866,0.3636364,14
468,41.6707,0.3636364,14
469,68.0072,0.3636364,14
470,48.1714,0.3636364,14
397,47.654,0.3636364,14
444,49.3746,0.3636364,14
471,46.4858,0.3636364,14
472,44.0056,0.3636364,14
473,77.2491,0.3636364,14
474,60.9358,0.3636364,14
475,46.9798,0.3636364,14
476,58.251,0.3636364,14
477,66.3893,0.3636364,14
478,46.4671,0.3636364,14
479,72.1312,0.3636364,14
480,59.6082,0.3636364,14
405,52.7911,0.3636364,14
448,62.0053,0.3636364,14
481,45.6901,0.3636364,14
482,55.7926,0.3636364,14
433,56.4181,0.3636364,14
440,61.3599,0.3636364,14
483,47.2633,0.3636364,14
484,57.6195,0.3636364,14
485,70.0047,0.3636364,14
486,54.1525,0.3636364,14
487,59.5339,0.3636364,14
488,65.7482,0.3636364,14
489,51.09,0.3636364,14
490,56.7382,0.3636364,14
491,56.8333,0.3636364,14
492,42.4617,0.3636364,14
449,63.425,0.3636364,14
406,44.7026,0.3636364,14
493,55.7695,0.3636364,14
494,51.571,0.3636364,14
434,91.8031,0.3636364,14
399,69.8977,0.3636364,14
495,50.8601,0.3636364,14
496,64.3337,0.3636364,14
497,86.2198,0.3636364,15
498,75.6572,0.3636364,15
488,92.9003,0.3636364,15
433,63.0924,0.3636364,15
480,61.297,0.3636364,15
492,43.5424,0.3636364,15
462,47.59,0.3636364,15
472,46.3791,0.3636364,15
499,44.4923,0.3636364,15
500,54.2319,0.3636364,15
475,45.4329,0.3636364,15
490,61.4688,0.3636364,15
501,48.4405,0.3636364,15
502,63.4029,0.3636364,15
471,42.5258,0.3636364,15
467,64.1134,0.3636364,15
503,46.7421,0.3636364,15
504,57.8104,0.3636364,15
505,56.5228,0.3636364,15
506,59.7151,0.3636364,15
507,68.1506,0.3636364,15
508,65.5852,0.3636364,15
482,69.2201,0.3636364,15
466,59.9891,0.3636364,15
509,55.6397,0.3636364,15
510,73.7383,0.3636364,15
397,65.9999,0.3636364,15
474,76.4248,0.3636364,15
511,73.6888,0.3636364,15
512,65.5374,0.3636364,15
513,67.3416,0.3636364,15
514,41.6667,0.3636364,15
515,80.7516,0.3636364,15
516,54.7687,0.3636364,15
517,57.9137,0.3636364,15
518,110.8243,0.3636364,15
474,67.2605,0.3636364,15
496,55.5125,0.3636364,15
519,68.6318,0.3636364,15
520,71.6921,0.3636364,15
440,56.6353,0.3636364,15
489,50.5737,0.3636364,15
521,49.1686,0.3636364,15
522,60.89,0.3636364,15
523,66.3593,0.3636364,15
524,76.9494,0.3636364,15
434,60.1053,0.3636364,15
434,56.0607,0.3636364,15
525,45.2088,0.3636364,15
526,49.4384,0.3636364,15
489,41.4594,0.3636364,16
466,52.4439,0.3636364,16
526,50.9649,0.3636364,16
509,42.9186,0.3636364,16
434,55.3785,0.3636364,16
492,44.7227,0.3636364,16
520,50.249,0.3636364,16
511,59.9464,0.3636364,16
527,50.1504,0.3636364,16
528,55.2955,0.3636364,16
497,45.4302,0.3636364,16
482,52.8943,0.3636364,16
434,59.0582,0.3636364,16
497,51.8146,0.3636364,16
529,49.5379,0.3636364,16
530,55.945,0.3636364,16
505,56.1603,0.3636364,16
510,59.0575,0.3636364,16
531,53.141,0.3636364,16
532,42.9188,0.3636364,16
533,48.8536,0.3636364,16
534,31.7219,0.3636364,16
535,54.7292,0.3636364,16
536,48.2401,0.3636364,16
537,45.6427,0.3636364,16
538,52.1602,0.3636364,16
518,43.4778,0.3636364,16
508,52.1069,0.3636364,16
471,37.9902,0.3636364,16
499,41.6495,0.3636364,16
539,57.2126,0.3636364,16
540,52.8032,0.3636364,16
541,51.2704,0.3636364,16
542,55.5118,0.3636364,16
462,45.9459,0.3636364,16
512,48.7206,0.3636364,16
543,49.2152,0.3636364,16
544,48.2534,0.3636364,16
517,58.6285,0.3636364,16
503,42.54,0.3636364,16
499,40.9763,0.3636364,16
466,50.734,0.3636364,16
492,41.6387,0.3636364,16
433,49.3079,0.3636364,16
522,50.7025,0.3636364,16
506,52.3972,0.3636364,16
545,48.4968,0.3636364,16
546,40.5767,0.3636364,16
507,48.0127,0.3636364,16
522,58.7951,0.3636364,16
547,48.5707,0.3636364,17
548,58.8741,0.3636364,17
549,43.7278,0.3636364,17
550,60.7179,0.3636364,17
551,210.2999,0.3636364,17
552,43.6017,0.3636364,17
462,44.3598,0.3636364,17
522,44.3773,0.3636364,17
553,38.328,0.3636364,17
554,42.8372,0.3636364,17
555,45.2314,0.3636364,17
556,38.1616,0.3636364,17
557,55.0518,0.3636364,17
558,60.3104,0.3636364,17
507,50.931,0.3636364,17
546,41.3375,0.3636364,17
507,49.5411,0.3636364,17
544,73.806,0.3636364,17
559,51.7248,0.3636364,17
560,62.9572,0.3636364,17
561,59.1612,0.3636364,17
562,44.7732,0.3636364,17
507,53.0424,0.3636364,17
536,48.9016,0.3636364,17
563,46.8626,0.3636364,17
564,50.7338,0.3636364,17
536,50.7453,0.3636364,17
492,37.9748,0.3636364,17
565,53.9107,0.3636364,17
566,52.3805,0.3636364,17
567,53.5593,0.3636364,17
568,51.5639,0.3636364,17
433,51.486,0.3636364,17
497,47.001,0.3636364,17
489,45.8579,0.3636364,17
471,37.1019,0.3636364,17
569,52.6325,0.3636364,17
570,52.7786,0.3636364,17
530,52.6713,0.3636364,17
505,42.443,0.3636364,17
529,42.3676,0.3636364,17
503,41.9922,0.3636364,17
471,41.2124,0.3636364,17
533,48.0195,0.3636364,17
571,48.765,0.3636364,17
572,47.0924,0.3636364,17
573,39.4025,0.3636364,17
574,45.4753,0.3636364,17
489,43.0679,0.3636364,17
530,52.525,0.3636364,17
571,47.2373,0.3636364,18
433,47.1617,0.3636364,18
548,56.927,0.3636364,18
433,50.9544,0.3636364,18
554,45.4092,0.3636364,18
530,56.9667,0.3636364,18
570,52.0061,0.3636364,18
570,51.5586,0.3636364,18
575,42.4262,0.3636364,18
576,49.5559,0.3636364,18
577,35.4694,0.3636364,18
578,36.7963,0.3636364,18
546,43.0103,0.3636364,18
548,56.1366,0.3636364,18
536,50.5891,0.3636364,18
550,58.6779,0.3636364,18
579,41.4852,0.3636364,18
580,42.0763,0.3636364,18
581,43.6689,0.3636364,18
582,40.2602,0.3636364,18
556,40.9891,0.3636364,18
507,47.7408,0.3636364,18
583,49.9337,0.3636364,18
584,41.8985,0.3636364,18
585,54.5056,0.3636364,18
586,51.1704,0.3636364,18
587,51.7626,0.3636364,18
588,43.9145,0.3636364,18
589,43.3588,0.3636364,18
590,48.8898,0.3636364,18
591,45.277,0.3636364,18
592,46.6424,0.3636364,18
593,48.0841,0.3636364,18
594,46.1602,0.3636364,18
595,39.3541,0.3636364,18
596,38.029,0.3636364,18
597,46.6701,0.3636364,18
598,52.9868,0.3636364,18
599,48.4061,0.3636364,18
600,40.1028,0.3636364,18
601,41.4131,0.3636364,18
602,45.0039,0.3636364,18
556,42.1127,0.3636364,18
573,35.0398,0.3636364,18
603,58.0625,0.3636364,18
604,47.8655,0.3636364,18
605,38.9106,0.3636364,18
606,50.7032,0.3636364,18
607,66.2574,0.3636364,18
608,48.804,0.3636364,18
609,43.8933,0.3636364,19
610,36.0127,0.3636364,19
433,49.9015,0.3636364,19
593,46.3634,0.3636364,19
611,50.8512,0.3636364,19
612,63.1537,0.3636364,19
578,39.7518,0.3636364,19
603,55.2706,0.3636364,19
599,48.3534,0.3636364,19
604,51.1253,0.3636364,19
433,50.628,0.3636364,19
592,50.667,0.3636364,19
613,41.5115,0.3636364,19
614,46.9849,0.3636364,19
615,49.4626,0.3636364,19
616,39.3486,0.3636364,19
601,43.8322,0.3636364,19
577,37.283,0.3636364,19
617,51.3996,0.3636364,19
618,61.3822,0.3636364,19
619,52.2105,0.3636364,19
620,44.3093,0.3636364,19
621,39.8176,0.3636364,19
622,63.3472,0.3636364,19
623,42.5978,0.3636364,19
624,40.7127,0.3636364,19
625,39.4027,0.3636364,19
626,49.304,0.3636364,19
627,48.4242,0.3636364,19
628,38.4081,0.3636364,19
629,35.0381,0.3636364,19
630,41.2954,0.3636364,19
631,47.6605,0.3636364,19
632,46.9012,0.3636364,19
433,53.9645,0.3636364,19
577,33.6139,0.3636364,19
570,50.978,0.3636364,19
571,45.2511,0.3636364,19
550,60.1723,0.3636364,19
433,49.2433,0.3636364,19
605,35.3825,0.3636364,19
571,46.1375,0.3636364,19
597,49.6943,0.3636364,19
605,39.9445,0.3636364,19
633,49.8177,0.3636364,19
634,39.6862,0.3636364,19
570,51.6701,0.3636364,19
507,51.5566,0.3636364,19
635,36.7691,0.3636364,19
636,49.5559,0.3636364,19
577,32.5441,0.3636364,20
629,35.5149,0.3636364,20
604,51.2806,0.3636364,20
635,38.4048,0.3636364,20
617,48.4877,0.3636364,20
630,40.5041,0.3636364,20
637,45.7759,0.3636364,20
638,44.0028,0.3636364,20
578,34.3254,0.3636364,20
550,56.8536,0.3636364,20
639,42.9304,0.3636364,20
640,63.0709,0.3636364,20
603,52.468,0.3636364,20
433,47.1553,0.3636364,20
571,44.0872,0.3636364,20
624,40.5989,0.3636364,20
641,38.997,0.3636364,20
642,36.8217,0.3636364,20
597,44.502,0.3636364,20
578,35.6412,0.3636364,20
643,41.8858,0.3636364,20
644,47.4487,0.3636364,20
645,56.7558,0.3636364,20
646,48.2965,0.3636364,20
647,44.2637,0.3636364,20
648,46.7443,0.3636364,20
649,38.0351,0.3636364,20
650,31.5271,0.3636364,20
651,39.9308,0.3636364,20
652,59.5716,0.3636364,20
653,48.956,0.3636364,20
654,53.3424,0.3636364,20
655,38.771,0.3636364,20
656,48.598,0.3636364,20
603,53.9278,0.3636364,20
627,41.8808,0.3636364,20
570,216.8646,0.3636364,20
604,59.1142,0.3636364,20
609,39.2172,0.3636364,20
433,44.1789,0.3636364,20
657,34.5139,0.3636364,20
658,39.944,0.3636364,20
597,45.0582,0.3636364,20
577,33.2451,0.3636364,20
659,38.5662,0.3636364,20
660,44.1942,0.3636364,20
578,33.9786,0.3636364,20
610,32.035,0.3636364,20
661,50.0428,0.3636364,20
662,47.5307,0.3636364,20
663,64.9395,0.3636364,21
664,38.887,0.3636364,21
665,51.6102,0.3636364,21
666,56.0745,0.3636364,21
649,43.9095,0.3636364,21
630,41.8367,0.3636364,21
624,44.1055,0.3636364,21
604,51.0105,0.3636364,21
624,42.4751,0.3636364,21
659,42.0848,0.3636364,21
603,55.2768,0.3636364,21
597,46.4787,0.3636364,21
667,48.2004,0.3636364,21
668,41.6633,0.3636364,21
658,42.5839,0.3636364,21
433,48.5376,0.3636364,21
669,37.7819,0.3636364,21
670,54.0657,0.3636364,21
671,43.9025,0.3636364,21
672,42.0048,0.3636364,21
629,37.1255,0.3636364,21
604,49.1511,0.3636364,21
673,47.4716,0.3636364,21
674,41.3377,0.3636364,21
675,38.0543,0.3636364,21
676,51.1066,0.3636364,21
677,38.154,0.3636364,21
678,36.8133,0.3636364,21
647,43.17,0.3636364,21
629,33.8876,0.3636364,21
679,37.7628,0.3636364,21
680,35.4182,0.3636364,21
604,48.5221,0.3636364,21
654,48.2078,0.3636364,21
681,48.0096,0.3636364,21
682,44.8552,0.3636364,21
683,46.936,0.3636364,21
684,48.0612,0.3636364,21
654,51.386,0.3636364,21
604,46.917,0.3636364,21
685,39.3653,0.3636364,21
686,38.7427,0.3636364,21
578,38.1609,0.3636364,21
578,36.8079,0.3636364,21
661,68.2203,0.3636364,21
577,44.2742,0.3636364,21
687,55.2052,0.3636364,21
688,49.6503,0.3636364,21
689,49.9873,0.3636364,21
690,48.6117,0.3636364,21
691,39.3708,0.3636364,22
692,45.7895,0.3636364,22
658,46.4524,0.3636364,22
683,46.0071,0.3636364,22
693,68.1145,0.3636364,22
694,35.8036,0.3636364,22
695,55.8807,0.3636364,22
696,44.4596,0.3636364,22
697,43.5408,0.3636364,22
698,56.3182,0.3636364,22
668,40.9254,0.3636364,22
685,42.1988,0.3636364,22
699,62.5829,0.3636364,22
700,43.6119,0.3636364,22
682,48.2422,0.3636364,22
684,53.5331,0.3636364,22
701,49.223,0.3636364,22
702,56.4736,0.3636364,22
681,56.6504,0.3636364,22
688,56.8219,0.3636364,22
604,50.6623,0.3636364,22
647,45.2847,0.3636364,22
703,43.1839,0.3636364,22
704,38.7707,0.3636364,22
705,49.6351,0.3636364,22
706,45.9569,0.3636364,22
647,45.0868,0.3636364,22
661,57.9791,0.3636364,22
603,56.5146,0.3636364,22
624,46.16,0.3636364,22
672,39.9549,0.3636364,22
673,52.4759,0.3636364,22
707,45.0957,0.3636364,22
708,42.401,0.3636364,22
671,45.5271,0.3636364,22
663,65.8826,0.3636364,22
709,44.4975,0.3636364,22
710,29.7784,0.3636364,22
711,58.2537,0.3636364,22
712,47.4114,0.3636364,22
713,36.8289,0.3636364,22
714,52.153,0.3636364,22
715,38.7586,0.3636364,22
716,47.5367,0.3636364,22
669,37.5528,0.3636364,22
686,38.4531,0.3636364,22
667,46.109,0.3636364,22
677,47.9506,0.3636364,22
603,52.2912,0.3636364,22
674,42.0022,0.3636364,22
717,54.1975,0.3636364,23
718,43.5696,0.3636364,23
719,34.1751,0.3636364,23
720,32.8072,0.3636364,23
721,40.2708,0.3636364,23
722,45.4046,0.3636364,23
723,47.1463,0.3636364,23
724,55.1343,0.3636364,23
725,45.55,0.3636364,23
726,39.6273,0.3636364,23
727,33.3868,0.3636364,23
728,32.3256,0.3636364,23
729,47.2499,0.3636364,23
730,53.947,0.3636364,23
713,37.9863,0.3636364,23
668,40.8627,0.3636364,23
731,46.7147,0.3636364,23
732,39.1074,0.3636364,23
733,30.9981,0.3636364,23
734,35.6042,0.3636364,23
735,39.2466,0.3636364,23
736,38.9961,0.3636364,23
737,52.7428,0.3636364,23
738,58.1026,0.3636364,23
709,43.4125,0.3636364,23
673,45.1233,0.3636364,23
669,36.3849,0.3636364,23
661,56.8187,0.3636364,23
699,59.4409,0.3636364,23
668,46.8043,0.3636364,23
739,58.0519,0.3636364,23
740,53.8962,0.3636364,23
647,51.0703,0.3636364,23
711,61.6851,0.3636364,23
701,54.1762,0.3636364,23
713,41.3635,0.3636364,23
741,51.093,0.3636364,23
742,41.4673,0.3636364,23
743,55.9956,0.3636364,23
744,39.6793,0.3636364,23
709,43.227,0.3636364,23
603,58.2446,0.3636364,23
745,46.6825,0.3636364,23
746,35.4511,0.3636364,23
747,47.6754,0.3636364,23
748,40.8539,0.3636364,23
749,42.8107,0.3636364,23
750,55.9742,0.3636364,23
647,43.8381,0.3636364,23
661,52.8225,0.3636364,23
751,42.9553,0.3636364,24
752,41.568,0.3636364,24
753,36.9212,0.3636364,24
754,33.8774,0.3636364,24
745,43.3157,0.3636364,24
673,45.8066,0.3636364,24
755,42.2193,0.3636364,24
756,37.3855,0.3636364,24
603,66.1437,0.3636364,24
724,56.0791,0.3636364,24
731,46.4825,0.3636364,24
701,45.5191,0.3636364,24
757,42.121,0.3636364,24
758,38.8406,0.3636364,24
759,49.4146,0.3636364,24
760,58.5321,0.3636364,24
761,55.2979,0.3636364,24
762,33.3675,0.3636364,24
668,42.4595,0.3636364,24
748,45.3658,0.3636364,24
763,51.7419,0.3636364,24
764,35.0862,0.3636364,24
699,63.4826,0.3636364,24
724,56.0797,0.3636364,24
765,237.4698,0.3636364,24
766,51.4618,0.3636364,24
669,39.7353,0.3636364,24
747,39.8777,0.3636364,24
767,52.4057,0.3636364,24
768,43.5791,0.3636364,24
734,38.9101,0.3636364,24
647,45.7558,0.3636364,24
737,52.8894,0.3636364,24
725,52.5106,0.3636364,24
749,41.7177,0.3636364,24
713,35.0159,0.3636364,24
717,51.7938,0.3636364,24
669,37.3122,0.3636364,24
647,42.6342,0.3636364,24
661,62.3862,0.3636364,24
742,46.6006,0.3636364,24
727,33.9104,0.3636364,24
769,37.5572,0.3636364,24
770,56.143,0.3636364,24
771,43.6072,0.3636364,24
772,55.7969,0.3636364,24
773,50.3458,0.3636364,24
774,47.8047,0.3636364,24
747,44.1687,0.3636364,24
729,49.3875,0.3636364,24
1,51.5378,0.3636364,0
2,47.8849,0.3636364,0
3,61.0071,0.3636364,0
4,36.0154,0.3636364,0
5,59.7002,0.3636364,0
6,47.0077,0.3636364,0
7,98.098,0.3636364,0
8,65.3637,0.3636364,0
9,54.3988,0.3636364,0
10,56.8684,0.3636364,0
11,55.0331,0.3636364,0
12,31.2802,0.3636364,0
13,66.4023,0.3636364,0
14,107.4614,0.3636364,0
15,70.5995,0.3636364,0
16,47.3394,0.3636364,0
17,60.1604,0.3636364,0
18,58.6066,0.3636364,0
19,68.3761,0.3636364,0
20,66.4685,0.3636364,0
21,58.6259,0.3636364,0
22,71.27,0.3636364,0
23,51.6003,0.3636364,0
24,35.2048,0.3636364,0
25,64.929,0.3636364,0
26,54,0.3636364,0
27,71.4559,0.3636364,0
28,72.0205,0.3636364,0
29,46.0239,0.3636364,0
30,52.9637,0.3636364,0
31,57.1609,0.3636364,0
32,53.6813,0.3636364,0
33,56.4253,0.3636364,0
34,48.6232,0.3636364,0
35,48.885,0.3636364,0
36,40.7068,0.3636364,0
37,50.8743,0.3636364,0
38,49.3836,0.3636364,0
39,67.206,0.3636364,0
40,69.8311,0.3636364,0
41,52.794,0.3636364,0
42,48.6591,0.3636364,0
43,65.7742,0.3636364,0
44,61.2803,0.3636364,0
45,74.6213,0.3636364,0
46,59.1521,0.3636364,0
47,50.7489,0.3636364,0
48,65.9357,0.3636364,0
49,54.4721,0.3636364,0
50,70.2286,0.3636364,0
51,59.5567,0.3636364,1
52,50.4993,0.3636364,1
53,58.889,0.3636364,1
54,81.1448,0.3636364,1
55,54.3799,0.3636364,1
56,64.2378,0.3636364,1
57,57.3044,0.3636364,1
58,68.9996,0.3636364,1
31,63.2913,0.3636364,1
19,70.4694,0.3636364,1
59,37.01,0.3636364,1
60,53.5723,0.3636364,1
61,64.6939,0.3636364,1
62,40.9452,0.3636364,1
27,163.7698,0.3636364,1
44,154.4547,0.3636364,1
63,62.0837,0.3636364,1
64,87.3773,0.3636364,1
17,70.1378,0.3636364,1
23,53.1228,0.3636364,1
49,59.6221,0.3636364,1
47,55.6723,0.3636364,1
21,66.1012,0.3636364,1
18,56.2473,0.3636364,1
65,42.5814,0.3636364,1
66,78.7156,0.3636364,1
67,85.6959,0.3636364,1
68,89.0596,0.3636364,1
18,74.5125,0.3636364,1
35,73.1331,0.3636364,1
69,83.8253,0.3636364,1
70,80.2144,0.3636364,1
40,103.2001,0.3636364,1
15,79.7636,0.3636364,1
71,93.3531,0.3636364,1
72,106.735,0.3636364,1
30,68.9955,0.3636364,1
40,103.3768,0.3636364,1
73,58.8991,0.3636364,1
74,74.1781,0.3636364,1
75,57.9176,0.3636364,1
76,56.5015,0.3636364,1
77,102.5669,0.3636364,1
78,89.1174,0.3636364,1
79,64.546,0.3636364,1
80,71.79,0.3636364,1
81,57.4235,0.3636364,1
82,53.3414,0.3636364,1
21,57.9805,0.3636364,1
6,52.6612,0.3636364,1
83,61.0896,0.3636364,2
84,67.3888,0.3636364,2
85,65.1898,0.3636364,2
86,224.9551,0.3636364,2
87,61.8558,0.3636364,2
88,64.9533,0.3636364,2
73,45.5164,0.3636364,2
70,50.2751,0.3636364,2
89,72.7401,0.3636364,2
90,56.3592,0.3636364,2
52,49.992,0.3636364,2
72,58.6221,0.3636364,2
17,57.0497,0.3636364,2
62,40.0337,0.3636364,2
91,44.2725,0.3636364,2
92,55.8312,0.3636364,2
93,56.1708,0.3636364,2
94,58.6616,0.3636364,2
95,78.6608,0.3636364,2
96,50.6621,0.3636364,2
97,66.434,0.3636364,2
98,60.3188,0.3636364,2
40,65.0885,0.3636364,2
73,58.8564,0.3636364,2
99,55.2481,0.3636364,2
100,71.7707,0.3636364,2
17,59.385,0.3636364,2
78,52.697,0.3636364,2
18,49.1851,0.3636364,2
74,78.1869,0.3636364,2
101,60.0869,0.3636364,2
102,59.982,0.3636364,2
103,39.3712,0.3636364,2
104,53.2141,0.3636364,2
76,54.8464,0.3636364,2
57,54.4313,0.3636364,2
105,51.7212,0.3636364,2
106,49.7582,0.3636364,2
58,58.4605,0.3636364,2
60,47.4199,0.3636364,2
53,55.9404,0.3636364,2
79,43.7659,0.3636364,2
107,38.283,0.3636364,2
108,49.6204,0.3636364,2
109,55.7047,0.3636364,2
110,44.7624,0.3636364,2
111,63.0804,0.3636364,2
112,44.7598,0.3636364,2
113,48.9308,0.3636364,2
114,58.3672,0.3636364,2
98,55.471,0.3636364,3
108,60.6567,0.3636364,3
100,75.8015,0.3636364,3
101,59.1788,0.3636364,3
115,66.7379,0.3636364,3
116,78.1834,0.3636364,3
117,65.8705,0.3636364,3
118,59.8754,0.3636364,3
119,57.0297,0.3636364,3
120,46.9777,0.3636364,3
92,51.213,0.3636364,3
93,62.8174,0.3636364,3
101,56.8832,0.3636364,3
57,56.398,0.3636364,3
121,52.075,0.3636364,3
122,47.7947,0.3636364,3
123,49.1383,0.3636364,3
124,70.9724,0.3636364,3
102,62.4239,0.3636364,3
91,50.9461,0.3636364,3
95,69.2428,0.3636364,3
98,48.873,0.3636364,3
125,39.4712,0.3636364,3
126,61.7704,0.3636364,3
127,66.4868,0.3636364,3
128,56.6101,0.3636364,3
94,60.8805,0.3636364,3
73,53.0106,0.3636364,3
99,51.2793,0.3636364,3
93,53.9293,0.3636364,3
92,51.5579,0.3636364,3
62,39.3988,0.3636364,3
129,46.0521,0.3636364,3
130,40.2028,0.3636364,3
131,44.4012,0.3636364,3
132,49.2204,0.3636364,3
133,62.7872,0.3636364,3
134,58.378,0.3636364,3
135,33.2456,0.3636364,3
136,44.13,0.3636364,3
137,61.8707,0.3636364,3
138,43.5729,0.3636364,3
95,60.3891,0.3636364,3
84,56.438,0.3636364,3
84,60.7851,0.3636364,3
96,43.3502,0.3636364,3
139,47.5432,0.3636364,3
140,64.2465,0.3636364,3
52,43.866,0.3636364,3
90,51.8103,0.3636364,3
141,57.3675,0.3636364,4
142,45.4895,0.3636364,4
143,59.8288,0.3636364,4
144,53.2126,0.3636364,4
145,40.9619,0.3636364,4
146,50.9497,0.3636364,4
133,74.9519,0.3636364,4
73,48.1641,0.3636364,4
147,60.1418,0.3636364,4
148,44.3221,0.3636364,4
93,64.6783,0.3636364,4
124,66.263,0.3636364,4
149,68.976,0.3636364,4
150,39.8218,0.3636364,4
93,52.9108,0.3636364,4
139,52.3536,0.3636364,4
151,56.076,0.3636364,4
152,50.4128,0.3636364,4
139,46.1217,0.3636364,4
123,44.5518,0.3636364,4
131,48.1428,0.3636364,4
101,51.3242,0.3636364,4
153,63.9759,0.3636364,4
154,76.2728,0.3636364,4
155,66.9838,0.3636364,4
156,64.9475,0.3636364,4
91,46.6192,0.3636364,4
101,47.1447,0.3636364,4
157,67.2601,0.3636364,4
158,45.8205,0.3636364,4
159,48.1434,0.3636364,4
160,48.4156,0.3636364,4
161,53.6009,0.3636364,4
162,41.1218,0.3636364,4
163,41.3563,0.3636364,4
164,53.4775,0.3636364,4
165,59.7359,0.3636364,4
166,58.2076,0.3636364,4
167,68.9736,0.3636364,4
168,69.5904,0.3636364,4
169,49.2168,0.3636364,4
170,62.7605,0.3636364,4
98,63.6828,0.3636364,4
134,89.9725,0.3636364,4
171,49.3813,0.3636364,4
172,60.5427,0.3636364,4
98,46.0752,0.3636364,4
139,46.8005,0.3636364,4
173,57.0417,0.3636364,4
174,47.128,0.3636364,4
175,54.262,0.3636364,5
176,69.9807,0.3636364,5
172,74.7106,0.3636364,5
172,79.3812,0.3636364,5
177,57.6563,0.3636364,5
178,64.5632,0.3636364,5
163,49.2951,0.3636364,5
101,58.5553,0.3636364,5
179,42.369,0.3636364,5
180,65.0408,0.3636364,5
181,63.713,0.3636364,5
182,56.1375,0.3636364,5
101,58.7172,0.3636364,5
93,57.3941,0.3636364,5
183,63.8005,0.3636364,5
184,51.9097,0.3636364,5
185,56.2386,0.3636364,5
186,66.6161,0.3636364,5
160,61.3634,0.3636364,5
155,66.2324,0.3636364,5
187,59.9866,0.3636364,5
188,45.5202,0.3636364,5
148,50.5828,0.3636364,5
170,52.7138,0.3636364,5
189,240.9603,0.3636364,5
190,68.9922,0.3636364,5
191,54.2745,0.3636364,5
192,42.9759,0.3636364,5
193,62.3735,0.3636364,5
194,57.043,0.3636364,5
141,58.3166,0.3636364,5
155,61.2854,0.3636364,5
195,46.1375,0.3636364,5
196,65.8724,0.3636364,5
197,65.083,0.3636364,5
198,52.4988,0.3636364,5
158,45.7695,0.3636364,5
91,47.5311,0.3636364,5
199,62.4469,0.3636364,5
200,94.4049,0.3636364,5
201,68.5246,0.3636364,5
202,52.8401,0.3636364,5
156,66.4514,0.3636364,5
134,77.8226,0.3636364,5
203,50.0168,0.3636364,5
204,52.7424,0.3636364,5
205,55.5926,0.3636364,5
206,60.5011,0.3636364,5
93,58.5122,0.3636364,5
155,74.5193,0.3636364,5
207,38.5495,0.3636364,6
208,60.1286,0.3636364,6
209,48.4222,0.3636364,6
210,68.4021,0.3636364,6
211,52.4523,0.3636364,6
212,54.8012,0.3636364,6
160,50.145,0.3636364,6
196,42.8765,0.3636364,6
213,55.6309,0.3636364,6
214,57.4716,0.3636364,6
215,39.795,0.3636364,6
216,63.9997,0.3636364,6
217,52.7886,0.3636364,6
218,39.2836,0.3636364,6
193,66.6286,0.3636364,6
189,64.4308,0.3636364,6
160,44.0376,0.3636364,6
197,45.9353,0.3636364,6
219,53.6926,0.3636364,6
220,53.2969,0.3636364,6
197,47.5003,0.3636364,6
134,67.0971,0.3636364,6
221,54.2639,0.3636364,6
222,65.1933,0.3636364,6
200,60.7149,0.3636364,6
141,46.6168,0.3636364,6
172,64.9133,0.3636364,6
183,56.7221,0.3636364,6
223,49.3921,0.3636364,6
224,40.7412,0.3636364,6
163,42.9888,0.3636364,6
160,43.5892,0.3636364,6
225,41.0878,0.3636364,6
226,50.783,0.3636364,6
227,61.6092,0.3636364,6
228,44.2161,0.3636364,6
229,47.62,0.3636364,6
230,45.3615,0.3636364,6
155,56.2269,0.3636364,6
184,46.1766,0.3636364,6
231,55.6296,0.3636364,6
232,55.1565,0.3636364,6
233,51.5377,0.3636364,6
234,49.227,0.3636364,6
235,39.8759,0.3636364,6
236,56.1102,0.3636364,6
172,68.4835,0.3636364,6
205,49.9397,0.3636364,6
191,60.5394,0.3636364,6
180,54.4905,0.3636364,6
237,63.013,0.3636364,7
238,49.5972,0.3636364,7
239,60.7185,0.3636364,7
240,60.2958,0.3636364,7
241,55.7356,0.3636364,7
242,60.3985,0.3636364,7
243,71.66,0.3636364,7
244,52.2346,0.3636364,7
214,65.4486,0.3636364,7
183,60.0791,0.3636364,7
245,58.4657,0.3636364,7
246,59.428,0.3636364,7
227,61.8633,0.3636364,7
213,54.5693,0.3636364,7
247,62.5869,0.3636364,7
248,67.356,0.3636364,7
249,49.8424,0.3636364,7
250,43.2992,0.3636364,7
251,47.1284,0.3636364,7
252,64.3871,0.3636364,7
253,80.3006,0.3636364,7
254,70.0652,0.3636364,7
255,58.7521,0.3636364,7
256,65.3858,0.3636364,7
257,49.412,0.3636364,7
258,50.0718,0.3636364,7
234,49.1757,0.3636364,7
229,49.2207,0.3636364,7
196,52.178,0.3636364,7
228,47.5918,0.3636364,7
259,58.1971,0.3636364,7
260,52.564,0.3636364,7
207,51.2161,0.3636364,7
229,50.2572,0.3636364,7
261,42.3071,0.3636364,7
262,54.8418,0.3636364,7
210,68.4693,0.3636364,7
183,60.8741,0.3636364,7
180,55.9201,0.3636364,7
191,60.3658,0.3636364,7
211,52.1666,0.3636364,7
213,54.2924,0.3636364,7
230,44.9543,0.3636364,7
223,53.6806,0.3636364,7
263,51.4106,0.3636364,7
264,74.3719,0.3636364,7
265,76.343,0.3636364,7
266,46.9756,0.3636364,7
267,41.9166,0.3636364,7
268,42.9355,0.3636364,7
269,75.3701,0.3636364,8
270,53.7959,0.3636364,8
271,51.3655,0.3636364,8
272,49.1143,0.3636364,8
183,54.3213,0.3636364,8
239,58.0405,0.3636364,8
183,63.592,0.3636364,8
196,39.0428,0.3636364,8
273,57.1478,0.3636364,8
274,56.9288,0.3636364,8
191,62.6771,0.3636364,8
183,58.516,0.3636364,8
262,52.9937,0.3636364,8
237,54.3443,0.3636364,8
275,57.301,0.3636364,8
276,63.2169,0.3636364,8
253,64.7939,0.3636364,8
246,52.0123,0.3636364,8
277,69.7829,0.3636364,8
278,42.2894,0.3636364,8
279,42.5545,0.3636364,8
280,61.9266,0.3636364,8
245,53.1374,0.3636364,8
214,57.6784,0.3636364,8
281,52.5347,0.3636364,8
282,81.4323,0.3636364,8
283,64.2917,0.3636364,8
284,72.7694,0.3636364,8
285,42.8767,0.3636364,8
286,55.944,0.3636364,8
287,64.125,0.3636364,8
288,48.5634,0.3636364,8
289,43.3993,0.3636364,8
290,97.7589,0.3636364,8
223,54.3655,0.3636364,8
246,63.5835,0.3636364,8
291,267.8636,0.3636364,8
292,51.4061,0.3636364,8
191,66.6809,0.3636364,8
257,55.3228,0.3636364,8
210,61.0646,0.3636364,8
183,55.9102,0.3636364,8
266,47.4994,0.3636364,8
258,42.6199,0.3636364,8
293,41.0125,0.3636364,8
294,49.5746,0.3636364,8
295,42.4992,0.3636364,8
296,53.2265,0.3636364,8
297,48.1222,0.3636364,8
298,44.5069,0.3636364,8
191,58.3156,0.3636364,9
286,53.5172,0.3636364,9
299,48.3398,0.3636364,9
300,59.3248,0.3636364,9
301,36.7502,0.3636364,9
302,62.3733,0.3636364,9
303,58.2863,0.3636364,9
304,51.5001,0.3636364,9
305,47.7937,0.3636364,9
306,51.7161,0.3636364,9
307,36.3584,0.3636364,9
308,47.8551,0.3636364,9
309,55.125,0.3636364,9
310,52.2987,0.3636364,9
292,43.9934,0.3636364,9
277,71.0712,0.3636364,9
246,50.5375,0.3636364,9
278,49.4034,0.3636364,9
311,63.4269,0.3636364,9
312,37.4784,0.3636364,9
271,59.4271,0.3636364,9
191,62.7596,0.3636364,9
313,48.0645,0.3636364,9
314,57.2562,0.3636364,9
315,51.3383,0.3636364,9
316,42.5097,0.3636364,9
317,55.6615,0.3636364,9
318,59.4011,0.3636364,9
319,71.6714,0.3636364,9
320,61.1035,0.3636364,9
321,41.3522,0.3636364,9
322,52.7942,0.3636364,9
323,64.4095,0.3636364,9
324,51.863,0.3636364,9
237,60.8367,0.3636364,9
266,44.9327,0.3636364,9
325,58.0206,0.3636364,9
326,42.8385,0.3636364,9
262,55.657,0.3636364,9
253,60.7103,0.3636364,9
270,54.2306,0.3636364,9
239,74.7943,0.3636364,9
223,58.9245,0.3636364,9
223,54.8006,0.3636364,9
327,50.1316,0.3636364,9
328,52.9772,0.3636364,9
329,52.1967,0.3636364,9
330,56.4123,0.3636364,9
331,43.7931,0.3636364,9
332,59.5852,0.3636364,9
333,52.4409,0.3636364,10
334,53.1348,0.3636364,10
325,64.8815,0.3636364,10
332,55.1649,0.3636364,10
335,41.7754,0.3636364,10
336,48.018,0.3636364,10
223,52.2505,0.3636364,10
309,68.9844,0.3636364,10
271,56.8315,0.3636364,10
326,41.1219,0.3636364,10
319,60.1332,0.3636364,10
320,46.3594,0.3636364,10
246,54.0795,0.3636364,10
266,40.8484,0.3636364,10
337,58.8967,0.3636364,10
338,59.5026,0.3636364,10
339,58.6422,0.3636364,10
340,58.2757,0.3636364,10
320,55.0846,0.3636364,10
299,41.7064,0.3636364,10
313,41.8345,0.3636364,10
246,53.8035,0.3636364,10
341,43.1378,0.3636364,10
342,47.0492,0.3636364,10
320,50.574,0.3636364,10
191,63.2573,0.3636364,10
322,50.3572,0.3636364,10
271,51.8291,0.3636364,10
343,54.2484,0.3636364,10
344,60.2929,0.3636364,10
345,55.7631,0.3636364,10
346,43.3823,0.3636364,10
347,46.7006,0.3636364,10
348,37.021,0.3636364,10
330,62.0089,0.3636364,10
321,40.2931,0.3636364,10
349,55.2218,0.3636364,10
350,47.6438,0.3636364,10
351,46.8528,0.3636364,10
352,63.9685,0.3636364,10
353,55.0668,0.3636364,10
354,52.1046,0.3636364,10
355,39.435,0.3636364,10
356,46.9807,0.3636364,10
316,40.4529,0.3636364,10
319,67.1303,0.3636364,10
357,40.1055,0.3636364,10
358,58.5487,0.3636364,10
359,57.7366,0.3636364,10
360,44.6682,0.3636364,10
343,53.774,0.3636364,11
321,43.6147,0.3636364,11
361,42.4957,0.3636364,11
362,51.3246,0.3636364,11
363,45.898,0.3636364,11
364,48.1526,0.3636364,11
357,43.0692,0.3636364,11
333,60.7663,0.3636364,11
365,62.7095,0.3636364,11
366,48.7728,0.3636364,11
367,59.9262,0.3636364,11
368,67.1625,0.3636364,11
369,71.2154,0.3636364,11
370,51.4048,0.3636364,11
371,60.8023,0.3636364,11
372,45.0488,0.3636364,11
373,58.9965,0.3636364,11
374,47.5754,0.3636364,11
333,56.1647,0.3636364,11
359,63.3499,0.3636364,11
375,49.7633,0.3636364,11
376,40.8409,0.3636364,11
377,62.8172,0.3636364,11
378,56.9355,0.3636364,11
379,62.6636,0.3636364,11
380,43.4809,0.3636364,11
325,61.127,0.3636364,11
357,44.6315,0.3636364,11
325,62.9637,0.3636364,11
320,52.758,0.3636364,11
381,45.0644,0.3636364,11
382,54.4091,0.3636364,11
383,43.1329,0.3636364,11
384,42.5618,0.3636364,11
385,69.9451,0.3636364,11
386,55.1504,0.3636364,11
322,48.2261,0.3636364,11
348,47.9508,0.3636364,11
346,40.7088,0.3636364,11
271,57.6425,0.3636364,11
387,47.8449,0.3636364,11
388,35.6743,0.3636364,11
389,44.5985,0.3636364,11
390,50.5214,0.3636364,11
391,68.6817,0.3636364,11
392,47.2212,0.3636364,11
319,52.6508,0.3636364,11
330,56.0851,0.3636364,11
223,48.3013,0.3636364,11
313,47.4698,0.3636364,11
393,65.8298,0.3636364,12
394,59.2819,0.3636364,12
321,282.3474,0.3636364,12
321,49.6174,0.3636364,12
395,49.1503,0.3636364,12
396,47.4279,0.3636364,12
397,47.2537,0.3636364,12
398,76.8506,0.3636364,12
399,55.3028,0.3636364,12
400,55.1631,0.3636364,12
401,56.1831,0.3636364,12
402,52.7755,0.3636364,12
403,46.5194,0.3636364,12
404,48.0885,0.3636364,12
405,44.1261,0.3636364,12
406,45.9323,0.3636364,12
407,46.5194,0.3636364,12
408,48.2708,0.3636364,12
364,54.7759,0.3636364,12
359,79.1057,0.3636364,12
390,52.5127,0.3636364,12
376,50.6468,0.3636364,12
409,150.7041,0.3636364,12
410,47.6808,0.3636364,12
411,47.4871,0.3636364,12
412,46.7133,0.3636364,12
413,51.1667,0.3636364,12
414,60.9715,0.3636364,12
325,66.9068,0.3636364,12
357,45.5805,0.3636364,12
346,50.2586,0.3636364,12
313,47.4267,0.3636364,12
415,61.8575,0.3636364,12
416,41.9094,0.3636364,12
417,54.724,0.3636364,12
418,56.0059,0.3636364,12
388,41.4048,0.3636364,12
381,42.2786,0.3636364,12
419,50.6145,0.3636364,12
420,41.5561,0.3636364,12
421,50.6616,0.3636364,12
422,58.613,0.3636364,12
365,56.6651,0.3636364,12
346,44.6658,0.3636364,12
423,53.4259,0.3636364,12
424,49.9186,0.3636364,12
425,91.8985,0.3636364,12
426,42.9552,0.3636364,12
427,48.9644,0.3636364,12
428,53.1332,0.3636364,12
399,48.0687,0.3636364,13
420,34.142,0.3636364,13
429,61.6843,0.3636364,13
430,43.442,0.3636364,13
431,47.5261,0.3636364,13
432,51.1125,0.3636364,13
433,47.3472,0.3636364,13
434,49.518,0.3636364,13
411,46.9622,0.3636364,13
399,67.78,0.3636364,13
435,58.2012,0.3636364,13
436,47.0617,0.3636364,13
412,48.3684,0.3636364,13
418,54.0106,0.3636364,13
437,53.7371,0.3636364,13
438,50.121,0.3636364,13
439,59.9777,0.3636364,13
440,55.8754,0.3636364,13
405,53.3189,0.3636364,13
397,46.8573,0.3636364,13
408,52.729,0.3636364,13
424,57.1147,0.3636364,13
441,49.8123,0.3636364,13
442,62.0759,0.3636364,13
443,61.8493,0.3636364,13
444,43.9126,0.3636364,13
445,41.2308,0.3636364,13
446,42.6962,0.3636364,13
376,39.7687,0.3636364,13
425,56.4762,0.3636364,13
420,34.4733,0.3636364,13
406,45.2903,0.3636364,13
447,65.2889,0.3636364,13
448,62.4351,0.3636364,13
449,58.3205,0.3636364,13
450,48.9701,0.3636364,13
399,55.1214,0.3636364,13
397,51.1274,0.3636364,13
451,44.4186,0.3636364,13
452,51.4041,0.3636364,13
411,53.815,0.3636364,13
406,45.5433,0.3636364,13
453,72.548,0.3636364,13
454,40.4334,0.3636364,13
321,39.451,0.3636364,13
406,44.6349,0.3636364,13
455,45.051,0.3636364,13
456,61.5695,0.3636364,13
457,63.903,0.3636364,13
458,44.9521,0.3636364,13
459,63.2041,0.3636364,14
460,54.3638,0.3636364,14
461,61.5581,0.3636364,14
462,41.7729,0.3636364,14
463,49.6616,0.3636364,14
464,75.778,0.3636364,14
465,40.6195,0.3636364,14
466,66.8417,0.3636364,14
443,61.3251,0.3636364,14
412,51.4125,0.3636364,14
467,60.6945,0.3636364,14
468,47.4957,0.3636364,14
469,58.5044,0.3636364,14
470,36.8812,0.3636364,14
397,42.4842,0.3636364,14
444,43.9327,0.3636364,14
471,39.7917,0.3636364,14
472,43.7879,0.3636364,14
473,61.386,0.3636364,14
474,70.2872,0.3636364,14
475,47.6908,0.3636364,14
476,53.633,0.3636364,14
477,52.74,0.3636364,14
478,41.2393,0.3636364,14
479,60.6142,0.3636364,14
480,49.2171,0.3636364,14
405,45.3424,0.3636364,14
448,58.2445,0.3636364,14
481,42.6517,0.3636364,14
482,52.0443,0.3636364,14
433,50.1464,0.3636364,14
440,48.4795,0.3636364,14
483,40.6229,0.3636364,14
484,56.6078,0.3636364,14
485,52.6582,0.3636364,14
486,46.602,0.3636364,14
487,48.7304,0.3636364,14
488,52.4902,0.3636364,14
489,38.6788,0.3636364,14
490,51.1049,0.3636364,14
491,60.7344,0.3636364,14
492,46.4361,0.3636364,14
449,51.2078,0.3636364,14
406,43.6007,0.3636364,14
493,50.8254,0.3636364,14
494,49.1113,0.3636364,14
434,58.6053,0.3636364,14
399,52.7925,0.3636364,14
495,42.2603,0.3636364,14
496,56.8015,0.3636364,14
497,46.5734,0.3636364,15
498,54.0211,0.3636364,15
488,61.6027,0.3636364,15
433,57.4993,0.3636364,15
480,60.6319,0.3636364,15
492,40.9737,0.3636364,15
462,44.8377,0.3636364,15
472,39.6182,0.3636364,15
499,39.7187,0.3636364,15
500,55.8303,0.3636364,15
475,39.762,0.3636364,15
490,49.2511,0.3636364,15
501,40.2302,0.3636364,15
502,53.4014,0.3636364,15
471,37.1681,0.3636364,15
467,55.9592,0.3636364,15
503,40.4621,0.3636364,15
504,47.7324,0.3636364,15
505,49.3538,0.3636364,15
506,55.331,0.3636364,15
507,46.1922,0.3636364,15
508,51.8824,0.3636364,15
482,56.4512,0.3636364,15
466,59.1907,0.3636364,15
509,51.4104,0.3636364,15
510,54.3288,0.3636364,15
397,48.6231,0.3636364,15
474,57.3116,0.3636364,15
511,58.2909,0.3636364,15
512,55.49,0.3636364,15
513,54.9907,0.3636364,15
514,211.5999,0.3636364,15
515,82.1699,0.3636364,15
516,53.7956,0.3636364,15
517,58.5478,0.3636364,15
518,54.4372,0.3636364,15
474,63.8814,0.3636364,15
496,48.0747,0.3636364,15
519,56.4208,0.3636364,15
520,60.0998,0.3636364,15
440,59.3413,0.3636364,15
489,51.1621,0.3636364,15
521,49.2594,0.3636364,15
522,58.9667,0.3636364,15
523,56.4158,0.3636364,15
524,65.4741,0.3636364,15
434,69.9615,0.3636364,15
434,61.0982,0.3636364,15
525,50.6256,0.3636364,15
526,55.6822,0.3636364,15
489,47.0756,0.3636364,16
466,59.562,0.3636364,16
526,54.8152,0.3636364,16
509,47.6518,0.3636364,16
434,65.262,0.3636364,16
492,45.8994,0.3636364,16
520,52.992,0.3636364,16
511,53.9864,0.3636364,16
527,47.107,0.3636364,16
528,55.9326,0.3636364,16
497,49.2857,0.3636364,16
482,47.2719,0.3636364,16
434,55.1034,0.3636364,16
497,45.1122,0.3636364,16
529,43.2508,0.3636364,16
530,66.1015,0.3636364,16
505,51.6685,0.3636364,16
510,54.0961,0.3636364,16
531,51.4133,0.3636364,16
532,39.4164,0.3636364,16
533,52.9072,0.3636364,16
534,36.8459,0.3636364,16
535,50.7606,0.3636364,16
536,48.5834,0.3636364,16
537,41.7556,0.3636364,16
538,52.33,0.3636364,16
518,45.6036,0.3636364,16
508,48.839,0.3636364,16
471,36.2076,0.3636364,16
499,46.8046,0.3636364,16
539,80.3603,0.3636364,16
540,54.2192,0.3636364,16
541,54.3768,0.3636364,16
542,49.9806,0.3636364,16
462,48.1103,0.3636364,16
512,53.0322,0.3636364,16
543,56.1868,0.3636364,16
544,48.8071,0.3636364,16
517,48.3383,0.3636364,16
503,39.8214,0.3636364,16
499,45.0742,0.3636364,16
466,49.0713,0.3636364,16
492,36.35,0.3636364,16
433,54.5213,0.3636364,16
522,67.4781,0.3636364,16
506,53.0186,0.3636364,16
545,49.4458,0.3636364,16
546,53.7138,0.3636364,16
507,70.0995,0.3636364,16
522,59.804,0.3636364,16
547,39.8033,0.3636364,17
548,57.8462,0.3636364,17
549,42.0049,0.3636364,17
550,66.7989,0.3636364,17
551,45.1779,0.3636364,17
552,43.5845,0.3636364,17
462,54.3872,0.3636364,17
522,55.0707,0.3636364,17
553,44.6523,0.3636364,17
554,62.8075,0.3636364,17
555,61.1037,0.3636364,17
556,44.9683,0.3636364,17
557,55.3149,0.3636364,17
558,55.032,0.3636364,17
507,44.7359,0.3636364,17
546,43.0037,0.3636364,17
507,52.1188,0.3636364,17
544,49.8604,0.3636364,17
559,39.7084,0.3636364,17
560,63.388,0.3636364,17
561,61.8232,0.3636364,17
562,48.7207,0.3636364,17
507,51.2257,0.3636364,17
536,48.7699,0.3636364,17
563,37.523,0.3636364,17
564,48.0503,0.3636364,17
536,54.0188,0.3636364,17
492,41.1844,0.3636364,17
565,51.8385,0.3636364,17
566,44.7059,0.3636364,17
567,53.6365,0.3636364,17
568,49.0157,0.3636364,17
433,51.4047,0.3636364,17
497,45.2269,0.3636364,17
489,37.61,0.3636364,17
471,36.3787,0.3636364,17
569,62.085,0.3636364,17
570,59.5827,0.3636364,17
530,51.0671,0.3636364,17
505,43.8644,0.3636364,17
529,46.2569,0.3636364,17
503,41.4621,0.3636364,17
471,45.245,0.3636364,17
533,56.7333,0.3636364,17
571,48.3642,0.3636364,17
572,55.5164,0.3636364,17
573,37.352,0.3636364,17
574,57.2022,0.3636364,17
489,49.654,0.3636364,17
530,65.3504,0.3636364,17
571,60.8681,0.3636364,18
433,53.9495,0.3636364,18
548,55.8604,0.3636364,18
433,49.9604,0.3636364,18
554,53.6469,0.3636364,18
530,58.7159,0.3636364,18
570,57.0413,0.3636364,18
570,63.2044,0.3636364,18
575,44.9409,0.3636364,18
576,48.0169,0.3636364,18
577,36.0574,0.3636364,18
578,38.1345,0.3636364,18
546,39.1808,0.3636364,18
548,55.2699,0.3636364,18
536,50.3628,0.3636364,18
550,61.7141,0.3636364,18
579,42.2555,0.3636364,18
580,41.5413,0.3636364,18
581,44.894,0.3636364,18
582,43.2684,0.3636364,18
556,42.1477,0.3636364,18
507,45.1279,0.3636364,18
583,51.9867,0.3636364,18
584,53.9142,0.3636364,18
585,56.4692,0.3636364,18
586,57.1444,0.3636364,18
587,52.5665,0.3636364,18
588,55.129,0.3636364,18
589,50.265,0.3636364,18
590,69.1426,0.3636364,18
591,45.4052,0.3636364,18
592,51.6494,0.3636364,18
593,51.4233,0.3636364,18
594,51.2964,0.3636364,18
595,53.3901,0.3636364,18
596,42.0329,0.3636364,18
597,47.5584,0.3636364,18
598,71.3981,0.3636364,18
599,51.2941,0.3636364,18
600,46.4578,0.3636364,18
601,49.3225,0.3636364,18
602,48.8874,0.3636364,18
556,42.2444,0.3636364,18
573,34.4083,0.3636364,18
603,53.4337,0.3636364,18
604,51.0944,0.3636364,18
605,40.9505,0.3636364,18
606,51.0584,0.3636364,18
607,77.4681,0.3636364,18
608,52.7107,0.3636364,18
609,47.5884,0.3636364,19
610,38.8679,0.3636364,19
433,47.4169,0.3636364,19
593,48.5068,0.3636364,19
611,45.7323,0.3636364,19
612,52.4558,0.3636364,19
578,38.4865,0.3636364,19
603,53.9722,0.3636364,19
599,51.0915,0.3636364,19
604,56.5434,0.3636364,19
433,238.9388,0.3636364,19
592,58.7128,0.3636364,19
613,39.1114,0.3636364,19
614,41.3224,0.3636364,19
615,50.6222,0.3636364,19
616,41.2457,0.3636364,19
601,41.6332,0.3636364,19
577,36.5279,0.3636364,19
617,52.2684,0.3636364,19
618,68.6535,0.3636364,19
619,51.3502,0.3636364,19
620,47.9048,0.3636364,19
621,45.41,0.3636364,19
622,70.0521,0.3636364,19
623,42.8484,0.3636364,19
624,42.355,0.3636364,19
625,41.8598,0.3636364,19
626,45.7605,0.3636364,19
627,42.7446,0.3636364,19
628,39.5669,0.3636364,19
629,37.1025,0.3636364,19
630,41.1917,0.3636364,19
631,45.3599,0.3636364,19
632,46.832,0.3636364,19
433,47.9651,0.3636364,19
577,38.0248,0.3636364,19
570,63.0259,0.3636364,19
571,43.8737,0.3636364,19
550,54.0128,0.3636364,19
433,52.3144,0.3636364,19
605,36.9123,0.3636364,19
571,50.5245,0.3636364,19
597,51.1577,0.3636364,19
605,44.2755,0.3636364,19
633,65.0675,0.3636364,19
634,40.031,0.3636364,19
570,53.1496,0.3636364,19
507,48.6334,0.3636364,19
635,42.9847,0.3636364,19
636,55.7523,0.3636364,19
577,39.2752,0.3636364,20
629,37.8767,0.3636364,20
604,47.4409,0.3636364,20
635,43.3397,0.3636364,20
617,53.1625,0.3636364,20
630,48.1723,0.3636364,20
637,51.0919,0.3636364,20
638,47.4397,0.3636364,20
578,41.9275,0.3636364,20
550,69.1706,0.3636364,20
639,45.7222,0.3636364,20
640,60.118,0.3636364,20
603,57.5292,0.3636364,20
433,55.4026,0.3636364,20
571,48.0301,0.3636364,20
624,48.3776,0.3636364,20
641,43.1029,0.3636364,20
642,41.0153,0.3636364,20
597,52.1784,0.3636364,20
578,45.1993,0.3636364,20
643,47.4078,0.3636364,20
644,43.6236,0.3636364,20
645,67.5606,0.3636364,20
646,48.806,0.3636364,20
647,44.8096,0.3636364,20
648,41.0337,0.3636364,20
649,47.8572,0.3636364,20
650,31.9377,0.3636364,20
651,43.7927,0.3636364,20
652,66.1179,0.3636364,20
653,58.8583,0.3636364,20
654,49.5783,0.3636364,20
655,42.6369,0.3636364,20
656,52.8165,0.3636364,20
603,59.0715,0.3636364,20
627,43.5774,0.3636364,20
570,60.2953,0.3636364,20
604,60.9784,0.3636364,20
609,44.6771,0.3636364,20
433,48.2404,0.3636364,20
657,41.9663,0.3636364,20
658,44.5611,0.3636364,20
597,61.6112,0.3636364,20
577,40.0504,0.3636364,20
659,43.9897,0.3636364,20
660,46.5208,0.3636364,20
578,37.4232,0.3636364,20
610,36.6666,0.3636364,20
661,56.4802,0.3636364,20
662,59.1164,0.3636364,20
663,67.9325,0.3636364,21
664,40.5295,0.3636364,21
665,56.4662,0.3636364,21
666,53.9271,0.3636364,21
649,37.5542,0.3636364,21
630,38.3781,0.3636364,21
624,39.2236,0.3636364,21
604,47.053,0.3636364,21
624,42.9566,0.3636364,21
659,41.6828,0.3636364,21
603,72.4338,0.3636364,21
597,47.8386,0.3636364,21
667,53.4228,0.3636364,21
668,44.7535,0.3636364,21
658,47.488,0.3636364,21
433,54.9499,0.3636364,21
669,38.594,0.3636364,21
670,57.9489,0.3636364,21
671,47.4508,0.3636364,21
672,44.2004,0.3636364,21
629,41.0144,0.3636364,21
604,50.0164,0.3636364,21
673,46.9796,0.3636364,21
674,51.2801,0.3636364,21
675,43.836,0.3636364,21
676,55.2248,0.3636364,21
677,37.9146,0.3636364,21
678,41.6098,0.3636364,21
647,48.5359,0.3636364,21
629,40.7958,0.3636364,21
679,41.9502,0.3636364,21
680,40.8285,0.3636364,21
604,47.4767,0.3636364,21
654,50.0723,0.3636364,21
681,55.1028,0.3636364,21
682,46.9898,0.3636364,21
683,45.3521,0.3636364,21
684,48.523,0.3636364,21
654,50.8711,0.3636364,21
604,55.8284,0.3636364,21
685,43.7128,0.3636364,21
686,41.3812,0.3636364,21
578,38.9378,0.3636364,21
578,38.9165,0.3636364,21
661,56.0894,0.3636364,21
577,42.7902,0.3636364,21
687,59.0448,0.3636364,21
688,47.5268,0.3636364,21
689,54.2327,0.3636364,21
690,40.7412,0.3636364,21
691,48.1042,0.3636364,22
692,53.4552,0.3636364,22
658,41.4821,0.3636364,22
683,41.1461,0.3636364,22
693,57.9569,0.3636364,22
694,34.2834,0.3636364,22
695,50.5908,0.3636364,22
696,43.9097,0.3636364,22
697,45.6789,0.3636364,22
698,57.0964,0.3636364,22
668,48.5429,0.3636364,22
685,41.8515,0.3636364,22
699,58.3931,0.3636364,22
700,41.5156,0.3636364,22
682,47.3757,0.3636364,22
684,51.7051,0.3636364,22
701,50.4661,0.3636364,22
702,52.7184,0.3636364,22
681,49.5193,0.3636364,22
688,52.2282,0.3636364,22
604,53.1668,0.3636364,22
647,44.4194,0.3636364,22
703,44.5952,0.3636364,22
704,41.4765,0.3636364,22
705,54.3103,0.3636364,22
706,45.266,0.3636364,22
647,46.5977,0.3636364,22
661,67.1481,0.3636364,22
603,73.8326,0.3636364,22
624,45.62,0.3636364,22
672,41.3465,0.3636364,22
673,47.8518,0.3636364,22
707,45.2583,0.3636364,22
708,52.0317,0.3636364,22
671,67.0417,0.3636364,22
663,69.2983,0.3636364,22
709,41.3062,0.3636364,22
710,30.6196,0.3636364,22
711,57.2673,0.3636364,22
712,33.4287,0.3636364,22
713,45.9372,0.3636364,22
714,57.8048,0.3636364,22
715,43.2195,0.3636364,22
716,224.9648,0.3636364,22
669,43.6301,0.3636364,22
686,37.653,0.3636364,22
667,58.472,0.3636364,22
677,43.7278,0.3636364,22
603,53.3368,0.3636364,22
674,42.9185,0.3636364,22
717,59.0556,0.3636364,23
718,48.1968,0.3636364,23
719,32.5282,0.3636364,23
720,33.4902,0.3636364,23
721,45.1799,0.3636364,23
722,40.1496,0.3636364,23
723,47.3531,0.3636364,23
724,54.1903,0.3636364,23
725,51.9867,0.3636364,23
726,41.2745,0.3636364,23
727,36.4743,0.3636364,23
728,40.2786,0.3636364,23
729,54.2152,0.3636364,23
730,63.8025,0.3636364,23
713,39.6997,0.3636364,23
668,42.4427,0.3636364,23
731,47.374,0.3636364,23
732,38.2661,0.3636364,23
733,46.34,0.3636364,23
734,39.4125,0.3636364,23
735,38.1584,0.3636364,23
736,39.6626,0.3636364,23
737,50.6656,0.3636364,23
738,54.5509,0.3636364,23
709,41.1039,0.3636364,23
673,49.3799,0.3636364,23
669,56.1485,0.3636364,23
661,62.8861,0.3636364,23
699,56.6387,0.3636364,23
668,53.9624,0.3636364,23
739,52.9403,0.3636364,23
740,49.1958,0.3636364,23
647,47.7834,0.3636364,23
711,59.9206,0.3636364,23
701,46.6996,0.3636364,23
713,37.0873,0.3636364,23
741,50.408,0.3636364,23
742,43.7331,0.3636364,23
743,58.5527,0.3636364,23
744,52.3243,0.3636364,23
709,43.5224,0.3636364,23
603,54.6983,0.3636364,23
745,44.7127,0.3636364,23
746,33.4029,0.3636364,23
747,46.331,0.3636364,23
748,57.9586,0.3636364,23
749,55.1827,0.3636364,23
750,61.1787,0.3636364,23
647,46.3561,0.3636364,23
661,51.9541,0.3636364,23
751,39.1299,0.3636364,24
752,46.9487,0.3636364,24
753,38.1882,0.3636364,24
754,38.1972,0.3636364,24
745,56.0325,0.3636364,24
673,54.3264,0.3636364,24
755,47.938,0.3636364,24
756,40.0154,0.3636364,24
603,53.1672,0.3636364,24
724,60.0528,0.3636364,24
731,50.9147,0.3636364,24
701,53.7745,0.3636364,24
757,54.1127,0.3636364,24
758,49.3262,0.3636364,24
759,56.8993,0.3636364,24
760,61.6543,0.3636364,24
761,53.7353,0.3636364,24
762,35.1913,0.3636364,24
668,43.4681,0.3636364,24
748,50.7754,0.3636364,24
763,66.9994,0.3636364,24
764,41.3232,0.3636364,24
699,58.197,0.3636364,24
724,58.0961,0.3636364,24
765,55.2937,0.3636364,24
766,45.9301,0.3636364,24
669,37.3091,0.3636364,24
747,43.0974,0.3636364,24
767,53.4534,0.3636364,24
768,42.9501,0.3636364,24
734,35.966,0.3636364,24
647,52.0014,0.3636364,24
737,62.3168,0.3636364,24
725,57.2843,0.3636364,24
749,51.1529,0.3636364,24
713,46.8342,0.3636364,24
717,69.3813,0.3636364,24
669,37.9721,0.3636364,24
647,46.7119,0.3636364,24
661,57.1252,0.3636364,24
742,36.5483,0.3636364,24
727,40.2297,0.3636364,24
769,42.827,0.3636364,24
770,58.8772,0.3636364,24
771,52.2476,0.3636364,24
772,57.932,0.3636364,24
773,50.3535,0.3636364,24
774,45.4,0.3636364,24
747,41.2463,0.3636364,24
729,61.1741,0.3636364,24
1,50.8026,0.3636364,0
2,50.6208,0.3636364,0
3,61.5276,0.3636364,0
4,48.5884,0.3636364,0
5,62.461,0.3636364,0
6,51.5669,0.3636364,0
7,89.9166,0.3636364,0
8,64.714,0.3636364,0
9,59.0998,0.3636364,0
10,61.1612,0.3636364,0
11,67.854,0.3636364,0
12,42.4986,0.3636364,0
13,64.8925,0.3636364,0
14,88.3202,0.3636364,0
15,81.7153,0.3636364,0
16,58.8965,0.3636364,0
17,73.4471,0.3636364,0
18,66.3692,0.3636364,0
19,75.8755,0.3636364,0
20,72.419,0.3636364,0
21,71.7967,0.3636364,0
22,88.7068,0.3636364,0
23,68.9913,0.3636364,0
24,52.0656,0.3636364,0
25,81.9071,0.3636364,0
26,69.3926,0.3636364,0
27,84.8158,0.3636364,0
28,90.9115,0.3636364,0
29,67.8128,0.3636364,0
30,64.5686,0.3636364,0
31,71.3317,0.3636364,0
32,83.183,0.3636364,0
33,110.845,0.3636364,0
34,56.0495,0.3636364,0
35,60.7102,0.3636364,0
36,51.7853,0.3636364,0
37,68.0425,0.3636364,0
38,70.6361,0.3636364,0
39,77.3805,0.3636364,0
40,91.9102,0.3636364,0
41,99.6878,0.3636364,0
42,82.8046,0.3636364,0
43,101.7514,0.3636364,0
44,87.3706,0.3636364,0
45,103.763,0.3636364,0
46,80.1899,0.3636364,0
47,77.6508,0.3636364,0
48,116.9072,0.3636364,0
49,74.8643,0.3636364,0
50,99.7523,0.3636364,0
51,81.0674,0.3636364,1
52,62.1572,0.3636364,1
53,69.911,0.3636364,1
54,112.3146,0.3636364,1
55,76.7314,0.3636364,1
56,273.0646,0.3636364,1
57,71.8533,0.3636364,1
58,73.2685,0.3636364,1
31,62.3714,0.3636364,1
19,70.8465,0.3636364,1
59,44.9516,0.3636364,1
60,61.9966,0.3636364,1
61,84.9009,0.3636364,1
62,59.5886,0.3636364,1
27,87.3365,0.3636364,1
44,85.5773,0.3636364,1
63,60.0803,0.3636364,1
64,89.2472,0.3636364,1
17,68.3512,0.3636364,1
23,61.7599,0.3636364,1
49,78.5109,0.3636364,1
47,65.3948,0.3636364,1
21,70.9182,0.3636364,1
18,63.8162,0.3636364,1
65,54.563,0.3636364,1
66,94.7191,0.3636364,1
67,78.8808,0.3636364,1
68,71.7626,0.3636364,1
18,65.0465,0.3636364,1
35,57.4281,0.3636364,1
69,59.2604,0.3636364,1
70,69.5641,0.3636364,1
40,86.4894,0.3636364,1
15,86.8073,0.3636364,1
71,68.0943,0.3636364,1
72,71.0549,0.3636364,1
30,65.1512,0.3636364,1
40,79.1011,0.3636364,1
73,70.6145,0.3636364,1
74,86.0304,0.3636364,1
75,66.6476,0.3636364,1
76,67.2085,0.3636364,1
77,89.9933,0.3636364,1
78,67.0671,0.3636364,1
79,52.2023,0.3636364,1
80,73.7672,0.3636364,1
81,76.29,0.3636364,1
82,61.8956,0.3636364,1
21,70.2598,0.3636364,1
6,62.284,0.3636364,1
83,67.4981,0.3636364,2
84,86.9419,0.3636364,2
85,69.5297,0.3636364,2
86,65.5068,0.3636364,2
87,75.5444,0.3636364,2
88,96.4224,0.3636364,2
73,67.1488,0.3636364,2
70,62.6957,0.3636364,2
89,89.4976,0.3636364,2
90,66.6976,0.3636364,2
52,60.3745,0.3636364,2
72,67.397,0.3636364,2
17,67.4846,0.3636364,2
62,46.4338,0.3636364,2
91,51.6276,0.3636364,2
92,63.5412,0.3636364,2
93,67.4756,0.3636364,2
94,69.529,0.3636364,2
95,80.9417,0.3636364,2
96,55.4493,0.3636364,2
97,78.5472,0.3636364,2
98,67.4676,0.3636364,2
40,79.2587,0.3636364,2
73,62.4424,0.3636364,2
99,61.7906,0.3636364,2
100,87.3336,0.3636364,2
17,68.4951,0.3636364,2
78,65.694,0.3636364,2
18,134.6754,0.3636364,2
74,100.3051,0.3636364,2
101,96.5689,0.3636364,2
102,74.2481,0.3636364,2
103,52.236,0.3636364,2
104,67.6103,0.3636364,2
76,69.7146,0.3636364,2
57,70.8338,0.3636364,2
105,69.0008,0.3636364,2
106,68.5474,0.3636364,2
58,72.2704,0.3636364,2
60,62.6277,0.3636364,2
53,66.4871,0.3636364,2
79,61.9123,0.3636364,2
107,57.534,0.3636364,2
108,66.335,0.3636364,2
109,68.9123,0.3636364,2
110,53.4094,0.3636364,2
111,90.3592,0.3636364,2
112,65.7138,0.3636364,2
113,77.4591,0.3636364,2
114,88.182,0.3636364,2
98,67.0152,0.3636364,3
108,67.7988,0.3636364,3
100,102.8942,0.3636364,3
101,88.3688,0.3636364,3
115,89.4125,0.3636364,3
116,68.4662,0.3636364,3
117,74.194,0.3636364,3
118,89.1884,0.3636364,3
119,74.5408,0.3636364,3
120,70.9599,0.3636364,3
92,75.9766,0.3636364,3
93,82.6841,0.3636364,3
101,82.392,0.3636364,3
57,75.776,0.3636364,3
121,87.2473,0.3636364,3
122,68.0051,0.3636364,3
123,78.9009,0.3636364,3
124,96.2039,0.3636364,3
102,78.4175,0.3636364,3
91,78.2244,0.3636364,3
95,101.1682,0.3636364,3
98,84.6389,0.3636364,3
125,61.7933,0.3636364,3
126,100.1483,0.3636364,3
127,83.3484,0.3636364,3
128,72.162,0.3636364,3
94,77.541,0.3636364,3
73,70.7696,0.3636364,3
99,73.4614,0.3636364,3
93,76.0538,0.3636364,3
92,78.4278,0.3636364,3
62,59.1112,0.3636364,3
129,64.5613,0.3636364,3
130,63.1059,0.3636364,3
131,76.6892,0.3636364,3
132,81.6745,0.3636364,3
133,105.843,0.3636364,3
134,103.6699,0.3636364,3
135,62.1311,0.3636364,3
136,79.6861,0.3636364,3
137,116.5004,0.3636364,3
138,80.5794,0.3636364,3
95,110.656,0.3636364,3
84,124.849,0.3636364,3
84,99.6405,0.3636364,3
96,62.5668,0.3636364,3
139,71.9774,0.3636364,3
140,89.6575,0.3636364,3
52,82.3823,0.3636364,3
90,80.3226,0.3636364,3
141,75.7104,0.3636364,4
142,68.6912,0.3636364,4
143,93.2556,0.3636364,4
144,68.2541,0.3636364,4
145,54.5262,0.3636364,4
146,71.3453,0.3636364,4
133,102.2004,0.3636364,4
73,69.3786,0.3636364,4
147,88.748,0.3636364,4
148,63.0005,0.3636364,4
93,87.4209,0.3636364,4
124,84.9874,0.3636364,4
149,105.7179,0.3636364,4
150,62.8146,0.3636364,4
93,76.2713,0.3636364,4
139,75.1981,0.3636364,4
151,80.587,0.3636364,4
152,71.2229,0.3636364,4
139,72.9723,0.3636364,4
123,74.3939,0.3636364,4
131,70.8765,0.3636364,4
101,86.0197,0.3636364,4
153,81.5311,0.3636364,4
154,283.2841,0.3636364,4
155,76.5485,0.3636364,4
156,65.8122,0.3636364,4
91,53.8188,0.3636364,4
101,71.9314,0.3636364,4
157,102.7476,0.3636364,4
158,60.7299,0.3636364,4
159,71.7995,0.3636364,4
160,67.9088,0.3636364,4
161,79.1578,0.3636364,4
162,75.9159,0.3636364,4
163,63.7774,0.3636364,4
164,80.1812,0.3636364,4
165,89.5311,0.3636364,4
166,87.2656,0.3636364,4
167,91.1093,0.3636364,4
168,92.4411,0.3636364,4
169,69.695,0.3636364,4
170,69.927,0.3636364,4
98,71.4939,0.3636364,4
134,106.1414,0.3636364,4
171,79.094,0.3636364,4
172,99.4301,0.3636364,4
98,72.8155,0.3636364,4
139,78.3385,0.3636364,4
173,89.8313,0.3636364,4
174,60.9509,0.3636364,4
175,67.2337,0.3636364,5
176,84.5107,0.3636364,5
172,101.954,0.3636364,5
172,98.4489,0.3636364,5
177,75.5989,0.3636364,5
178,76.823,0.3636364,5
163,70.2268,0.3636364,5
101,69.6756,0.3636364,5
179,51.6355,0.3636364,5
180,79.0705,0.3636364,5
181,77.4103,0.3636364,5
182,80.2817,0.3636364,5
101,91.9806,0.3636364,5
93,78.4671,0.3636364,5
183,95.6943,0.3636364,5
184,70.4491,0.3636364,5
185,71.5107,0.3636364,5
186,82.7403,0.3636364,5
160,67.6383,0.3636364,5
155,81.7624,0.3636364,5
187,82.8261,0.3636364,5
188,57.6126,0.3636364,5
148,63.7005,0.3636364,5
170,62.2958,0.3636364,5
189,99.2074,0.3636364,5
190,95.9241,0.3636364,5
191,106.0907,0.3636364,5
192,79.2358,0.3636364,5
193,107.1101,0.3636364,5
194,61.0736,0.3636364,5
141,70.5245,0.3636364,5
155,88.2471,0.3636364,5
195,81.9536,0.3636364,5
196,71.9847,0.3636364,5
197,79.4532,0.3636364,5
198,76.6435,0.3636364,5
158,67.4634,0.3636364,5
91,64.4165,0.3636364,5
199,62.1204,0.3636364,5
200,96.5671,0.3636364,5
201,70.6679,0.3636364,5
202,65.7879,0.3636364,5
156,72.5705,0.3636364,5
134,99.3366,0.3636364,5
203,61.9337,0.3636364,5
204,75.6435,0.3636364,5
205,76.6224,0.3636364,5
206,92.6467,0.3636364,5
93,77.5577,0.3636364,5
155,88.8047,0.3636364,5
207,73.7347,0.3636364,6
208,104.9534,0.3636364,6
209,74.2727,0.3636364,6
210,122.9169,0.3636364,6
211,85.8794,0.3636364,6
212,87.5151,0.3636364,6
160,86.3494,0.3636364,6
196,72.0915,0.3636364,6
213,95.3721,0.3636364,6
214,103.312,0.3636364,6
215,81.8853,0.3636364,6
216,104.4065,0.3636364,6
217,97.0021,0.3636364,6
218,62.4421,0.3636364,6
193,101.9276,0.3636364,6
189,121.3377,0.3636364,6
160,79.9797,0.3636364,6
197,108.6534,0.3636364,6
219,82.1207,0.3636364,6
220,86.043,0.3636364,6
197,76.3798,0.3636364,6
134,106.0826,0.3636364,6
221,84.7515,0.3636364,6
222,125.6985,0.3636364,6
200,104.9262,0.3636364,6
141,82.9301,0.3636364,6
172,114.8591,0.3636364,6
183,109.4608,0.3636364,6
223,87.3547,0.3636364,6
224,82.869,0.3636364,6
163,80.3993,0.3636364,6
160,93.8991,0.3636364,6
225,57.5651,0.3636364,6
226,85.5984,0.3636364,6
227,107.1382,0.3636364,6
228,90.2984,0.3636364,6
229,88.6496,0.3636364,6
230,83.5583,0.3636364,6
155,100.6624,0.3636364,6
184,96.6762,0.3636364,6
231,109.3915,0.3636364,6
232,107.8286,0.3636364,6
233,79.7059,0.3636364,6
234,81.6753,0.3636364,6
235,61.6795,0.3636364,6
236,105.1531,0.3636364,6
172,139.0169,0.3636364,6
205,98.4351,0.3636364,6
191,134.5715,0.3636364,6
180,99.1347,0.3636364,6
237,108.7315,0.3636364,7
238,95.0464,0.3636364,7
239,128.9268,0.3636364,7
240,133.3074,0.3636364,7
241,101.3389,0.3636364,7
242,118.9094,0.3636364,7
243,130.1907,0.3636364,7
244,93.1865,0.3636364,7
214,103.9789,0.3636364,7
183,111.3333,0.3636364,7
245,108.6725,0.3636364,7
246,94.2071,0.3636364,7
227,101.5295,0.3636364,7
213,97.0146,0.3636364,7
247,115.2415,0.3636364,7
248,123.9455,0.3636364,7
249,85.8593,0.3636364,7
250,79.8749,0.3636364,7
251,68.8806,0.3636364,7
252,107.3946,0.3636364,7
253,161.7681,0.3636364,7
254,115.2151,0.3636364,7
255,98.7721,0.3636364,7
256,119.8904,0.3636364,7
257,87.6574,0.3636364,7
258,89.1821,0.3636364,7
234,93.7791,0.3636364,7
229,99.7024,0.3636364,7
196,89.5118,0.3636364,7
228,94.2406,0.3636364,7
259,110.7761,0.3636364,7
260,103.0297,0.3636364,7
207,84.5707,0.3636364,7
229,111.0743,0.3636364,7
261,73.8248,0.3636364,7
262,111.7886,0.3636364,7
210,140.2398,0.3636364,7
183,431.1613,0.3636364,7
180,95.4108,0.3636364,7
191,111.4925,0.3636364,7
211,94.0939,0.3636364,7
213,99.6274,0.3636364,7
230,94.3188,0.3636364,7
223,79.4285,0.3636364,7
263,88.7456,0.3636364,7
264,131.9009,0.3636364,7
265,123.6461,0.3636364,7
266,96.3718,0.3636364,7
267,79.9187,0.3636364,7
268,82.9342,0.3636364,7
269,163.2237,0.3636364,8
270,102.4049,0.3636364,8
271,104.7432,0.3636364,8
272,91.1656,0.3636364,8
183,124.2694,0.3636364,8
239,107.0264,0.3636364,8
183,115.7845,0.3636364,8
196,70.2122,0.3636364,8
273,93.7783,0.3636364,8
274,88.6224,0.3636364,8
191,110.1631,0.3636364,8
183,93.0486,0.3636364,8
262,93.0774,0.3636364,8
237,97.108,0.3636364,8
275,94.7651,0.3636364,8
276,100.2002,0.3636364,8
253,93.4463,0.3636364,8
246,80.783,0.3636364,8
277,103.3161,0.3636364,8
278,65.2907,0.3636364,8
279,71.0526,0.3636364,8
280,104.4502,0.3636364,8
245,79.5149,0.3636364,8
214,81.8839,0.3636364,8
281,80.4014,0.3636364,8
282,98.0543,0.3636364,8
283,78.7287,0.3636364,8
284,96.3584,0.3636364,8
285,63.64,0.3636364,8
286,82.2673,0.3636364,8
287,99.4457,0.3636364,8
288,71.1164,0.3636364,8
289,65.6233,0.3636364,8
290,105.9762,0.3636364,8
223,70.646,0.3636364,8
246,78.3005,0.3636364,8
291,124.9168,0.3636364,8
292,69.2972,0.3636364,8
191,90.4922,0.3636364,8
257,60.0732,0.3636364,8
210,93.8787,0.3636364,8
183,78.2778,0.3636364,8
266,63.5247,0.3636364,8
258,59.8587,0.3636364,8
293,64.4752,0.3636364,8
294,75.1653,0.3636364,8
295,69.5063,0.3636364,8
296,73.4877,0.3636364,8
297,73.1285,0.3636364,8
298,65.911,0.3636364,8
191,83.6734,0.3636364,9
286,78.4435,0.3636364,9
299,63.4404,0.3636364,9
300,72.6073,0.3636364,9
301,53.8047,0.3636364,9
302,90.5344,0.3636364,9
303,89.5949,0.3636364,9
304,77.3042,0.3636364,9
305,65.1462,0.3636364,9
306,66.8048,0.3636364,9
307,56.451,0.3636364,9
308,70.9292,0.3636364,9
309,82.9388,0.3636364,9
310,78.5204,0.3636364,9
292,71.0447,0.3636364,9
277,106.6739,0.3636364,9
246,82.3925,0.3636364,9
278,68.5404,0.3636364,9
311,94.457,0.3636364,9
312,63.3956,0.3636364,9
271,82.405,0.3636364,9
191,91.6719,0.3636364,9
313,78.6655,0.3636364,9
314,86.1083,0.3636364,9
315,75.9717,0.3636364,9
316,60.8728,0.3636364,9
317,95.447,0.3636364,9
318,99.0973,0.3636364,9
319,95.0694,0.3636364,9
320,86.6398,0.3636364,9
321,69.3268,0.3636364,9
322,72.7172,0.3636364,9
323,116.6845,0.3636364,9
324,90.8987,0.3636364,9
237,98.6811,0.3636364,9
266,77.2696,0.3636364,9
325,105.2816,0.3636364,9
326,59.9742,0.3636364,9
262,88.9436,0.3636364,9
253,98.6395,0.3636364,9
270,83.1757,0.3636364,9
239,109.6473,0.3636364,9
223,85.0685,0.3636364,9
223,90.1428,0.3636364,9
327,96.3199,0.3636364,9
328,101.2573,0.3636364,9
329,89.3034,0.3636364,9
330,101.318,0.3636364,9
331,80.6251,0.3636364,9
332,111.6784,0.3636364,9
333,94.0557,0.3636364,10
334,93.4499,0.3636364,10
325,107.8115,0.3636364,10
332,117.2603,0.3636364,10
335,89.1607,0.3636364,10
336,98.0426,0.3636364,10
223,96.6819,0.3636364,10
309,121.6909,0.3636364,10
271,143.6535,0.3636364,10
326,85.3786,0.3636364,10
319,116.3039,0.3636364,10
320,112.2983,0.3636364,10
246,122.3208,0.3636364,10
266,83.0849,0.3636364,10
337,104.4694,0.3636364,10
338,96.7286,0.3636364,10
339,97.927,0.3636364,10
340,93.0454,0.3636364,10
320,75.0881,0.3636364,10
299,67.5303,0.3636364,10
313,69.5094,0.3636364,10
246,85.1496,0.3636364,10
341,73.2768,0.3636364,10
342,83.6236,0.3636364,10
320,77.3002,0.3636364,10
191,88.3448,0.3636364,10
322,69.2825,0.3636364,10
271,87.5604,0.3636364,10
343,89.9672,0.3636364,10
344,77.9594,0.3636364,10
345,83.7919,0.3636364,10
346,60.8707,0.3636364,10
347,75.4517,0.3636364,10
348,54.7216,0.3636364,10
330,80.424,0.3636364,10
321,56.2092,0.3636364,10
349,79.6098,0.3636364,10
350,70.1587,0.3636364,10
351,68.0765,0.3636364,10
352,92.9818,0.3636364,10
353,73.7719,0.3636364,10
354,75.8233,0.3636364,10
355,69.2659,0.3636364,10
356,70.7333,0.3636364,10
316,66.609,0.3636364,10
319,91.9516,0.3636364,10
357,79.9541,0.3636364,10
358,91.8797,0.3636364,10
359,304.8019,0.3636364,10
360,64.6356,0.3636364,10
343,77.5609,0.3636364,11
321,56.8511,0.3636364,11
361,64.3982,0.3636364,11
362,81.7753,0.3636364,11
363,66.4541,0.3636364,11
364,74.7064,0.3636364,11
357,65.3305,0.3636364,11
333,78.4695,0.3636364,11
365,86.2862,0.3636364,11
366,69.8756,0.3636364,11
367,80.1626,0.3636364,11
368,92.2549,0.3636364,11
369,100.6529,0.3636364,11
370,67.7286,0.3636364,11
371,86.292,0.3636364,11
372,62.2267,0.3636364,11
373,90.4518,0.3636364,11
374,72.6595,0.3636364,11
333,81.153,0.3636364,11
359,88.4511,0.3636364,11
375,71.2342,0.3636364,11
376,56.661,0.3636364,11
377,90.9322,0.3636364,11
378,82.9354,0.3636364,11
379,82.6967,0.3636364,11
380,53.316,0.3636364,11
325,82.7094,0.3636364,11
357,56.6685,0.3636364,11
325,87.4418,0.3636364,11
320,76.5059,0.3636364,11
381,68.7703,0.3636364,11
382,81.7529,0.3636364,11
383,64.6741,0.3636364,11
384,72.8723,0.3636364,11
385,90.2349,0.3636364,11
386,80.4611,0.3636364,11
322,72.8323,0.3636364,11
348,59.0863,0.3636364,11
346,62.5177,0.3636364,11
271,84.9973,0.3636364,11
387,78.6599,0.3636364,11
388,62.2513,0.3636364,11
389,74.7842,0.3636364,11
390,79.3555,0.3636364,11
391,104.043,0.3636364,11
392,77.9382,0.3636364,11
319,85.7898,0.3636364,11
330,85.5538,0.3636364,11
223,71.8317,0.3636364,11
313,66.265,0.3636364,11
393,86.4134,0.3636364,12
394,68.2296,0.3636364,12
321,62.6776,0.3636364,12
321,57.4901,0.3636364,12
395,64.6542,0.3636364,12
396,67.1795,0.3636364,12
397,62.6975,0.3636364,12
398,90.9951,0.3636364,12
399,76.8238,0.3636364,12
400,68.6153,0.3636364,12
401,93.8359,0.3636364,12
402,92.9696,0.3636364,12
403,64.2768,0.3636364,12
404,89.1637,0.3636364,12
405,96.6942,0.3636364,12
406,74.3628,0.3636364,12
407,77.9666,0.3636364,12
408,90.3946,0.3636364,12
364,91.3242,0.3636364,12
359,113.689,0.3636364,12
390,79.6417,0.3636364,12
376,62.6158,0.3636364,12
409,75.7795,0.3636364,12
410,65.109,0.3636364,12
411,76.9423,0.3636364,12
412,77.1849,0.3636364,12
413,84.2248,0.3636364,12
414,91.9493,0.3636364,12
325,94.9423,0.3636364,12
357,61.8363,0.3636364,12
346,62.9145,0.3636364,12
313,67.6026,0.3636364,12
415,88.2731,0.3636364,12
416,66.0814,0.3636364,12
417,85.6749,0.3636364,12
418,108.3279,0.3636364,12
388,58.4474,0.3636364,12
381,61.7667,0.3636364,12
419,73.5201,0.3636364,12
420,90.8863,0.3636364,12
421,76.2978,0.3636364,12
422,80.8686,0.3636364,12
365,75.4813,0.3636364,12
346,58.0104,0.3636364,12
423,80.3914,0.3636364,12
424,66.8599,0.3636364,12
425,63.5001,0.3636364,12
426,121.6417,0.3636364,12
427,70.0191,0.3636364,12
428,67.409,0.3636364,12
399,76.0203,0.3636364,13
420,49.6761,0.3636364,13
429,82.9493,0.3636364,13
430,60.1708,0.3636364,13
431,77.3441,0.3636364,13
432,78.9925,0.3636364,13
433,77.1219,0.3636364,13
434,91.3503,0.3636364,13
411,74.4364,0.3636364,13
399,79.3828,0.3636364,13
435,72.5482,0.3636364,13
436,65.8571,0.3636364,13
412,82.8766,0.3636364,13
418,78.5341,0.3636364,13
437,101.6789,0.3636364,13
438,74.6676,0.3636364,13
439,96.5054,0.3636364,13
440,75.8994,0.3636364,13
405,76.7294,0.3636364,13
397,71.2586,0.3636364,13
408,77.1989,0.3636364,13
424,73.6106,0.3636364,13
441,72.097,0.3636364,13
442,92.3112,0.3636364,13
443,86.7566,0.3636364,13
444,64.9526,0.3636364,13
445,68.2576,0.3636364,13
446,69.236,0.3636364,13
376,65.6569,0.3636364,13
425,81.8931,0.3636364,13
420,58.1217,0.3636364,13
406,87.9692,0.3636364,13
447,102.9478,0.3636364,13
448,91.5534,0.3636364,13
449,83.2945,0.3636364,13
450,64.1182,0.3636364,13
399,80.0334,0.3636364,13
397,64.8657,0.3636364,13
451,55.6495,0.3636364,13
452,68.2097,0.3636364,13
411,73.1732,0.3636364,13
406,67.1385,0.3636364,13
453,102.1162,0.3636364,13
454,57.922,0.3636364,13
321,64.1617,0.3636364,13
406,68.2246,0.3636364,13
455,70.9999,0.3636364,13
456,86.2434,0.3636364,13
457,92.0439,0.3636364,13
458,89.3644,0.3636364,13
459,80.1978,0.3636364,14
460,69.5408,0.3636364,14
461,91.776,0.3636364,14
462,68.3075,0.3636364,14
463,69.5071,0.3636364,14
464,96.58,0.3636364,14
465,66.2352,0.3636364,14
466,78.5931,0.3636364,14
443,86.0259,0.3636364,14
412,76.0661,0.3636364,14
467,89.101,0.3636364,14
468,65.2446,0.3636364,14
469,91.5298,0.3636364,14
470,67.0419,0.3636364,14
397,72.2292,0.3636364,14
444,74.4607,0.3636364,14
471,61.5439,0.3636364,14
472,70.9455,0.3636364,14
473,99.8253,0.3636364,14
474,87.4108,0.3636364,14
475,60.4485,0.3636364,14
476,287.2197,0.3636364,14
477,71.7333,0.3636364,14
478,55.7057,0.3636364,14
479,97.2277,0.3636364,14
480,83.4356,0.3636364,14
405,70.8647,0.3636364,14
448,97.937,0.3636364,14
481,73.9209,0.3636364,14
482,77.3678,0.3636364,14
433,79.0841,0.3636364,14
440,85.2304,0.3636364,14
483,84.9117,0.3636364,14
484,94.7885,0.3636364,14
485,101.3277,0.3636364,14
486,97.4445,0.3636364,14
487,92.4994,0.3636364,14
488,94.6423,0.3636364,14
489,66.1688,0.3636364,14
490,78.6742,0.3636364,14
491,73.4806,0.3636364,14
492,55.8271,0.3636364,14
449,73.195,0.3636364,14
406,57.1087,0.3636364,14
493,73.3584,0.3636364,14
494,74.3039,0.3636364,14
434,81.8636,0.3636364,14
399,79.8215,0.3636364,14
495,61.4156,0.3636364,14
496,58.7035,0.3636364,14
497,66.3615,0.3636364,15
498,85.1683,0.3636364,15
488,85.0103,0.3636364,15
433,79.9238,0.3636364,15
480,74.3245,0.3636364,15
492,56.9602,0.3636364,15
462,68.2637,0.3636364,15
472,66.0559,0.3636364,15
499,61.3139,0.3636364,15
500,75.992,0.3636364,15
475,58.793,0.3636364,15
490,70.5136,0.3636364,15
501,65.3969,0.3636364,15
502,80.2575,0.3636364,15
471,57.3217,0.3636364,15
467,81.9253,0.3636364,15
503,62.227,0.3636364,15
504,70.7977,0.3636364,15
505,69.289,0.3636364,15
506,83.364,0.3636364,15
507,79,0.3636364,15
508,72.5097,0.3636364,15
482,71.9828,0.3636364,15
466,74.3675,0.3636364,15
509,66.8518,0.3636364,15
510,76.1814,0.3636364,15
397,60.1991,0.3636364,15
474,81.7884,0.3636364,15
511,86.4351,0.3636364,15
512,74.2599,0.3636364,15
513,67.4911,0.3636364,15
514,43.6153,0.3636364,15
515,89.0004,0.3636364,15
516,67.5347,0.3636364,15
517,69.7748,0.3636364,15
518,67.9536,0.3636364,15
474,86.5414,0.3636364,15
496,59.4156,0.3636364,15
519,82.2661,0.3636364,15
520,80.4372,0.3636364,15
440,78.3344,0.3636364,15
489,59.6362,0.3636364,15
521,63.8352,0.3636364,15
522,74.422,0.3636364,15
523,77.5636,0.3636364,15
524,78.1316,0.3636364,15
434,98.2383,0.3636364,15
434,91.4933,0.3636364,15
525,95.1677,0.3636364,15
526,112.3006,0.3636364,15
489,71.2338,0.3636364,16
466,78.9427,0.3636364,16
526,99.5419,0.3636364,16
509,74.5907,0.3636364,16
434,90.7106,0.3636364,16
492,66.7792,0.3636364,16
520,85.9584,0.3636364,16
511,87.0906,0.3636364,16
527,80.9134,0.3636364,16
528,96.3922,0.3636364,16
497,75.1159,0.3636364,16
482,80.2483,0.3636364,16
434,85.1619,0.3636364,16
497,69.3242,0.3636364,16
529,63.7864,0.3636364,16
530,81.2958,0.3636364,16
505,64.7769,0.3636364,16
510,76.1161,0.3636364,16
531,71.7224,0.3636364,16
532,57.5529,0.3636364,16
533,74.3898,0.3636364,16
534,49.421,0.3636364,16
535,76.155,0.3636364,16
536,80.1848,0.3636364,16
537,75.2916,0.3636364,16
538,92.7331,0.3636364,16
518,74.9235,0.3636364,16
508,70.0284,0.3636364,16
471,54.5443,0.3636364,16
499,67.0986,0.3636364,16
539,82.506,0.3636364,16
540,77.7037,0.3636364,16
541,68.8096,0.3636364,16
542,70.5085,0.3636364,16
462,65.734,0.3636364,16
512,67.9708,0.3636364,16
543,71.2533,0.3636364,16
544,69.0287,0.3636364,16
517,68.2705,0.3636364,16
503,61.0878,0.3636364,16
499,60.3372,0.3636364,16
466,75.7838,0.3636364,16
492,60.0162,0.3636364,16
433,77.2352,0.3636364,16
522,78.8945,0.3636364,16
506,86.2334,0.3636364,16
545,73.9829,0.3636364,16
546,69.8755,0.3636364,16
507,77.1839,0.3636364,16
522,75.8771,0.3636364,16
547,65.2496,0.3636364,17
548,83.4697,0.3636364,17
549,58.6007,0.3636364,17
550,100.6402,0.3636364,17
551,57.5295,0.3636364,17
552,62.887,0.3636364,17
462,77.1892,0.3636364,17
522,84.3977,0.3636364,17
553,65.8229,0.3636364,17
554,72.373,0.3636364,17
555,75.4472,0.3636364,17
556,61.8933,0.3636364,17
557,98.5532,0.3636364,17
558,84.0135,0.3636364,17
507,74.6142,0.3636364,17
546,61.8254,0.3636364,17
507,76.4737,0.3636364,17
544,67.4174,0.3636364,17
559,56.2904,0.3636364,17
560,90.5283,0.3636364,17
561,78.9646,0.3636364,17
562,62.8003,0.3636364,17
507,72.5702,0.3636364,17
536,75.689,0.3636364,17
563,60.9946,0.3636364,17
564,66.8988,0.3636364,17
536,81.3223,0.3636364,17
492,58.4075,0.3636364,17
565,77.8643,0.3636364,17
566,72.8007,0.3636364,17
567,82.2412,0.3636364,17
568,73.4625,0.3636364,17
433,75.4727,0.3636364,17
497,66.8917,0.3636364,17
489,58.4809,0.3636364,17
471,53.8232,0.3636364,17
569,83.2302,0.3636364,17
570,80.281,0.3636364,17
530,82.6812,0.3636364,17
505,62.2331,0.3636364,17
529,72.5871,0.3636364,17
503,59.5557,0.3636364,17
471,58.3316,0.3636364,17
533,70.7223,0.3636364,17
571,71.7818,0.3636364,17
572,75.2555,0.3636364,17
573,58.0567,0.3636364,17
574,75.7089,0.3636364,17
489,273.1542,0.3636364,17
530,82.105,0.3636364,17
571,66.5447,0.3636364,18
433,75.0449,0.3636364,18
548,80.1194,0.3636364,18
433,72.1805,0.3636364,18
554,69.2634,0.3636364,18
530,83.5293,0.3636364,18
570,77.9959,0.3636364,18
570,75.9545,0.3636364,18
575,61.8125,0.3636364,18
576,73.4651,0.3636364,18
577,49.9471,0.3636364,18
578,52.8548,0.3636364,18
546,57.8966,0.3636364,18
548,81.4547,0.3636364,18
536,76.5885,0.3636364,18
550,87.0546,0.3636364,18
579,68.4518,0.3636364,18
580,66.4434,0.3636364,18
581,67.0727,0.3636364,18
582,63.5951,0.3636364,18
556,63.7167,0.3636364,18
507,78.6731,0.3636364,18
583,72.0283,0.3636364,18
584,59.2461,0.3636364,18
585,79.872,0.3636364,18
586,77.604,0.3636364,18
587,68.9881,0.3636364,18
588,68.6774,0.3636364,18
589,62.0986,0.3636364,18
590,73.0995,0.3636364,18
591,69.258,0.3636364,18
592,75.3886,0.3636364,18
593,65.6873,0.3636364,18
594,64.9173,0.3636364,18
595,60.5885,0.3636364,18
596,57.769,0.3636364,18
597,67.3813,0.3636364,18
598,79.7364,0.3636364,18
599,75.1868,0.3636364,18
600,59.3987,0.3636364,18
601,58.479,0.3636364,18
602,70.2974,0.3636364,18
556,60.5671,0.3636364,18
573,56.5746,0.3636364,18
603,81.5351,0.3636364,18
604,72.7786,0.3636364,18
605,51.4911,0.3636364,18
606,74.7621,0.3636364,18
607,100.4958,0.3636364,18
608,63.5354,0.3636364,18
609,62.5173,0.3636364,19
610,50.2517,0.3636364,19
433,72.2456,0.3636364,19
593,77.3525,0.3636364,19
611,72.9387,0.3636364,19
612,91.396,0.3636364,19
578,68.0945,0.3636364,19
603,96.6536,0.3636364,19
599,86.5336,0.3636364,19
604,88.4321,0.3636364,19
433,79.8628,0.3636364,19
592,77.4008,0.3636364,19
613,66.8319,0.3636364,19
614,67.5115,0.3636364,19
615,77.1355,0.3636364,19
616,57.623,0.3636364,19
601,65.8134,0.3636364,19
577,62.5126,0.3636364,19
617,82.5531,0.3636364,19
618,93.9016,0.3636364,19
619,86.5089,0.3636364,19
620,69.5708,0.3636364,19
621,68.9251,0.3636364,19
622,95.9667,0.3636364,19
623,64.3257,0.3636364,19
624,66.3454,0.3636364,19
625,64.2264,0.3636364,19
626,74.8312,0.3636364,19
627,69.5938,0.3636364,19
628,58.869,0.3636364,19
629,50.9525,0.3636364,19
630,60.8619,0.3636364,19
631,71.5349,0.3636364,19
632,71.8798,0.3636364,19
433,69.898,0.3636364,19
577,48.8464,0.3636364,19
570,78.4214,0.3636364,19
571,66.6187,0.3636364,19
550,88.9993,0.3636364,19
433,76.2744,0.3636364,19
605,57.8651,0.3636364,19
571,72.5437,0.3636364,19
597,68.0735,0.3636364,19
605,56.3584,0.3636364,19
633,81.6396,0.3636364,19
634,57.5606,0.3636364,19
570,81.0433,0.3636364,19
507,76.1633,0.3636364,19
635,51.9416,0.3636364,19
636,67.2379,0.3636364,19
577,48.8237,0.3636364,20
629,62.7927,0.3636364,20
604,79.1342,0.3636364,20
635,56.0453,0.3636364,20
617,74.7402,0.3636364,20
630,67.4043,0.3636364,20
637,67.3747,0.3636364,20
638,68.1331,0.3636364,20
578,53.4936,0.3636364,20
550,89.989,0.3636364,20
639,60.6384,0.3636364,20
640,84.7435,0.3636364,20
603,81.3452,0.3636364,20
433,78.674,0.3636364,20
571,66.7633,0.3636364,20
624,63.3729,0.3636364,20
641,58.0888,0.3636364,20
642,61.1708,0.3636364,20
597,69.1421,0.3636364,20
578,50.5455,0.3636364,20
643,57.6123,0.3636364,20
644,63.486,0.3636364,20
645,83.8057,0.3636364,20
646,70.7121,0.3636364,20
647,60.8938,0.3636364,20
648,61.9234,0.3636364,20
649,55.6374,0.3636364,20
650,47.0836,0.3636364,20
651,54.616,0.3636364,20
652,75.2254,0.3636364,20
653,64.842,0.3636364,20
654,65.4404,0.3636364,20
655,48.9288,0.3636364,20
656,79.6257,0.3636364,20
603,71.0801,0.3636364,20
627,61.7102,0.3636364,20
570,70.5449,0.3636364,20
604,64.9156,0.3636364,20
609,58.3574,0.3636364,20
433,65.0929,0.3636364,20
657,53.2608,0.3636364,20
658,59.4013,0.3636364,20
597,59.2961,0.3636364,20
577,47.8661,0.3636364,20
659,49.3287,0.3636364,20
660,61.8211,0.3636364,20
578,48.3317,0.3636364,20
610,47.5843,0.3636364,20
661,71.9635,0.3636364,20
662,65.7318,0.3636364,20
663,87.5718,0.3636364,21
664,57.4494,0.3636364,21
665,70.9815,0.3636364,21
666,74.9838,0.3636364,21
649,51.451,0.3636364,21
630,55.0312,0.3636364,21
624,54.6481,0.3636364,21
604,66.1257,0.3636364,21
624,57.3073,0.3636364,21
659,52.9554,0.3636364,21
603,69.796,0.3636364,21
597,63.8311,0.3636364,21
667,66.6072,0.3636364,21
668,52.4993,0.3636364,21
658,58.3352,0.3636364,21
433,67.2172,0.3636364,21
669,52.8541,0.3636364,21
670,70.7243,0.3636364,21
671,61.041,0.3636364,21
672,54.5836,0.3636364,21
629,46.4989,0.3636364,21
604,64.8572,0.3636364,21
673,61.2523,0.3636364,21
674,54.9369,0.3636364,21
675,52.9275,0.3636364,21
676,68.7757,0.3636364,21
677,47.9963,0.3636364,21
678,235.5755,0.3636364,21
647,56.1966,0.3636364,21
629,52.4264,0.3636364,21
679,48.0544,0.3636364,21
680,48.7295,0.3636364,21
604,62.873,0.3636364,21
654,63.5172,0.3636364,21
681,63.8518,0.3636364,21
682,65.2582,0.3636364,21
683,56.7895,0.3636364,21
684,67.8097,0.3636364,21
654,66.2531,0.3636364,21
604,68.1027,0.3636364,21
685,58.6473,0.3636364,21
686,54.5756,0.3636364,21
578,54.7806,0.3636364,21
578,56.4744,0.3636364,21
661,75.3346,0.3636364,21
577,52.2473,0.3636364,21
687,69.1064,0.3636364,21
688,63.7027,0.3636364,21
689,69.1284,0.3636364,21
690,58.068,0.3636364,21
691,51.1414,0.3636364,22
692,61.2869,0.3636364,22
658,62.0759,0.3636364,22
683,54.6962,0.3636364,22
693,86.544,0.3636364,22
694,46.97,0.3636364,22
695,78.2222,0.3636364,22
696,69.2519,0.3636364,22
697,64.1024,0.3636364,22
698,79.4481,0.3636364,22
668,57.3839,0.3636364,22
685,66.175,0.3636364,22
699,86.4152,0.3636364,22
700,62.5403,0.3636364,22
682,71.033,0.3636364,22
684,75.357,0.3636364,22
701,72.7205,0.3636364,22
702,74.3839,0.3636364,22
681,71.5042,0.3636364,22
688,65.9896,0.3636364,22
604,68.2888,0.3636364,22
647,63.0643,0.3636364,22
703,54.7221,0.3636364,22
704,55.6596,0.3636364,22
705,68.801,0.3636364,22
706,57.4571,0.3636364,22
647,65.7308,0.3636364,22
661,101.0326,0.3636364,22
603,82.7117,0.3636364,22
624,58.6715,0.3636364,22
672,55.4607,0.3636364,22
673,66.7279,0.3636364,22
707,60.5768,0.3636364,22
708,60.2437,0.3636364,22
671,61.2014,0.3636364,22
663,92.7979,0.3636364,22
709,59.9601,0.3636364,22
710,50.8503,0.3636364,22
711,88.3391,0.3636364,22
712,50.7419,0.3636364,22
713,56.4849,0.3636364,22
714,85.5571,0.3636364,22
715,64.3964,0.3636364,22
716,67.6794,0.3636364,22
669,55.323,0.3636364,22
686,58.3492,0.3636364,22
667,65.9073,0.3636364,22
677,50.1435,0.3636364,22
603,74.4009,0.3636364,22
674,56.6537,0.3636364,22
717,74.092,0.3636364,23
718,63.3213,0.3636364,23
719,48.2706,0.3636364,23
720,53.366,0.3636364,23
721,58.4528,0.3636364,23
722,57.7264,0.3636364,23
723,67.8303,0.3636364,23
724,82.4251,0.3636364,23
725,66.7036,0.3636364,23
726,58.2218,0.3636364,23
727,50.1167,0.3636364,23
728,49.5543,0.3636364,23
729,70.5531,0.3636364,23
730,74.8273,0.3636364,23
713,50.3039,0.3636364,23
668,57.4764,0.3636364,23
731,71.3249,0.3636364,23
732,54.115,0.3636364,23
733,43.6922,0.3636364,23
734,50.3266,0.3636364,23
735,53.7835,0.3636364,23
736,53.8676,0.3636364,23
737,71.1048,0.3636364,23
738,73.7431,0.3636364,23
709,54.5187,0.3636364,23
673,61.2018,0.3636364,23
669,50.4865,0.3636364,23
661,74.5358,0.3636364,23
699,76.0208,0.3636364,23
668,54.3751,0.3636364,23
739,72.2309,0.3636364,23
740,60.5566,0.3636364,23
647,64.4273,0.3636364,23
711,82.7294,0.3636364,23
701,65.0774,0.3636364,23
713,54.7368,0.3636364,23
741,71.7902,0.3636364,23
742,57.7432,0.3636364,23
743,70.6375,0.3636364,23
744,58.8466,0.3636364,23
709,58.0589,0.3636364,23
603,71.6846,0.3636364,23
745,60.5241,0.3636364,23
746,53.261,0.3636364,23
747,53.2735,0.3636364,23
748,51.7151,0.3636364,23
749,59.9652,0.3636364,23
750,79.3397,0.3636364,23
647,62.0528,0.3636364,23
661,74.8973,0.3636364,23
751,54.7067,0.3636364,24
752,57.6819,0.3636364,24
753,54.2655,0.3636364,24
754,48.4827,0.3636364,24
745,68.2255,0.3636364,24
673,65.9405,0.3636364,24
755,64.6379,0.3636364,24
756,52.9156,0.3636364,24
603,77.0408,0.3636364,24
724,87.3843,0.3636364,24
731,64.7015,0.3636364,24
701,64.7732,0.3636364,24
757,58.8827,0.3636364,24
758,58.5925,0.3636364,24
759,70.111,0.3636364,24
760,82.6955,0.3636364,24
761,71.551,0.3636364,24
762,49.7279,0.3636364,24
668,57.6469,0.3636364,24
748,56.3145,0.3636364,24
763,65.4844,0.3636364,24
764,49.3681,0.3636364,24
699,75.1775,0.3636364,24
724,82.4054,0.3636364,24
765,78.8892,0.3636364,24
766,64.6493,0.3636364,24
669,51.7545,0.3636364,24
747,58.2926,0.3636364,24
767,70.2723,0.3636364,24
768,61.2055,0.3636364,24
734,55.1755,0.3636364,24
647,63.5311,0.3636364,24
737,73.9873,0.3636364,24
725,68.9747,0.3636364,24
749,62.1215,0.3636364,24
713,52.6501,0.3636364,24
717,71.0422,0.3636364,24
669,49.5138,0.3636364,24
647,59.2235,0.3636364,24
661,69.7196,0.3636364,24
742,47.9679,0.3636364,24
727,44.7326,0.3636364,24
769,46.6847,0.3636364,24
770,67.6859,0.3636364,24
771,57.6732,0.3636364,24
772,66.4608,0.3636364,24
773,60.7312,0.3636364,24
774,56.9568,0.3636364,24
747,53.629,0.3636364,24
729,70.1263,0.3636364,24
