159,32.0613,0.3636364,0
160,20.142,0.3636364,0
161,40.8288,0.8181818,0
162,26.8337,0.3636364,0
163,32.5017,0.5454546,0
164,21.1187,0.3636364,0
165,31.7494,0.5454546,0
166,45.2524,0.5454546,0
167,21.5153,0.3636364,0
168,38.1323,0.6363636,0
169,39.9968,0.3636364,1
170,26.0933,0.6363636,1
171,35.6573,0.5454546,1
172,25.8939,0.5454546,1
173,39.7592,0.5454546,1
174,47.4883,0.5454546,1
175,26.7107,0.3636364,1
176,49.3276,0.3636364,1
177,45.7881,0.6363636,1
178,27.4218,0.5454546,1
179,41.265,0.3636364,2
180,43.9256,0.6363636,2
171,24.7947,0.8181818,2
178,38.0505,0.5454546,2
170,27.9578,0.3636364,2
171,40.3756,0.5454546,2
181,37.7126,0.8181818,2
182,44.6314,0.3636364,2
173,35.3498,0.2727273,2
170,28.1438,0.3636364,2
183,36.5526,0.3636364,3
184,23.754,0.3636364,3
178,39.4233,0.5454546,3
181,27.4618,0.8181818,3
171,37.9632,0.5454546,3
180,27.737,0.6363636,3
185,37.7515,0.3636364,3
186,22.7116,0.3636364,3
187,40.0893,0.6363636,3
188,27.8703,0.3636364,3
181,36.7388,0.8181818,4
180,39.9762,0.6363636,4
180,26.4697,0.6363636,4
181,42.2483,0.8181818,4
189,28.2622,0.8181818,4
190,41.0207,0.8181818,4
191,27.3091,0.3636364,4
192,43.6515,0.8181818,4
183,26.5161,0.3636364,4
181,36.6032,0.8181818,4
192,24.0923,0.8181818,5
181,36.771,0.8181818,5
193,25.9616,0.8181818,5
194,37.175,0.8181818,5
195,25.8502,0.5454546,5
196,37.6603,0.8181818,5
197,25.7855,0.5454546,5
198,38.5235,0.8181818,5
190,26.7345,0.8181818,5
181,39.9719,0.8181818,5
199,40.2655,0.8181818,6
200,27.259,0.8181818,6
181,41.7428,0.8181818,6
198,28.3874,0.8181818,6
181,38.7592,0.8181818,6
190,26.1352,0.8181818,6
201,40.3921,0.5454546,6
202,26.7957,0.8181818,6
203,38.6568,0.8181818,6
204,27.3856,0.8181818,6
181,39.2894,0.8181818,7
181,25.8859,0.8181818,7
205,40.5399,0.8181818,7
206,78.2491,0.8181818,7
207,85.9744,0.8181818,7
208,35.3445,0.8181818,7
203,43.6949,0.8181818,7
181,21.6117,0.8181818,7
209,34.8124,0.8181818,7
210,21.2936,0.8181818,7
211,33.4094,0.8181818,8
212,21.9794,0.8181818,8
213,21.1765,0.8181818,8
214,33.0735,0.8181818,8
215,22.2152,0.8181818,8
216,32.8724,0.8181818,8
217,21.9145,0.8181818,8
218,33.5318,0.8181818,8
210,22.2609,0.8181818,8
206,33.6337,0.8181818,8
217,22.5544,0.8181818,9
211,35.8496,0.8181818,9
210,23.821,0.8181818,9
217,37.8088,0.8181818,9
219,21.7429,0.8181818,9
220,35.8256,0.8181818,9
218,21.7021,0.8181818,9
210,33.4715,0.8181818,9
221,22.6856,0.8181818,9
222,36.3578,0.8181818,9
220,22.3991,0.8181818,10
217,34.1966,0.8181818,10
223,23.3529,0.8181818,10
224,39.1427,0.8181818,10
225,24.0207,0.8181818,10
226,36.3562,0.8181818,10
210,34.8458,0.8181818,10
219,23.3778,0.8181818,10
227,38.1901,0.8181818,10
228,27.1616,0.8181818,10
217,38.989,0.8181818,11
227,23.2132,0.8181818,11
229,37.4002,0.8181818,11
230,24.2897,0.8181818,11
227,37.7453,0.8181818,11
220,24.625,0.8181818,11
219,35.2176,0.8181818,11
219,23.1566,0.8181818,11
210,38.4546,0.8181818,11
223,26.2548,0.8181818,11
231,36.2901,0.8181818,12
232,25.5336,0.8181818,12
230,49.5043,0.8181818,12
219,40.3556,0.8181818,12
233,43.2301,0.8181818,12
234,25.2586,0.8181818,12
227,38.012,0.8181818,12
229,28.9499,0.8181818,12
235,27.4606,0.8181818,12
236,40.197,0.8181818,12
237,23.8778,0.8181818,13
238,37.371,0.8181818,13
239,24.2937,0.8181818,13
240,37.1958,0.8181818,13
236,24.7496,0.8181818,13
236,42.9036,0.8181818,13
236,27.1262,0.8181818,13
235,40.6372,0.8181818,13
241,27.9112,0.8181818,13
242,44.1584,0.8181818,13
241,28.6781,0.8181818,14
241,45.1917,0.8181818,14
243,38.0179,0.8181818,14
244,50.5103,0.8181818,14
245,30.7397,0.8181818,14
246,40.8352,0.8181818,14
241,28.3885,0.8181818,14
235,42.2645,0.8181818,14
242,29.1993,0.8181818,14
241,41.3798,0.8181818,14
244,43.192,0.8181818,15
244,26.2183,0.8181818,15
247,40.8226,0.8181818,15
248,24.9205,0.8181818,15
249,40.3265,0.8181818,15
250,26.9713,0.8181818,15
241,46.8148,0.8181818,15
241,30.0934,0.8181818,15
235,42.7572,0.8181818,15
245,27.1762,0.8181818,15
244,40.707,0.8181818,16
244,24.7353,0.8181818,16
251,41.6836,0.8181818,16
252,27.0114,0.8181818,16
253,48.3503,0.8181818,16
254,25.4207,0.8181818,16
255,46.0641,0.8181818,16
256,27.3196,0.8181818,16
257,42.2551,0.8181818,16
258,29.9352,0.8181818,16
259,45.5268,0.8181818,17
260,30.4379,0.8181818,17
261,52.5897,0.8181818,17
262,39.3665,0.8181818,17
263,27.0476,0.8181818,17
264,41.2368,0.8181818,17
265,27.1601,0.8181818,17
266,59.4031,0.8181818,17
251,27.6101,0.8181818,17
257,42.5092,0.8181818,17
267,26.2057,0.8181818,18
268,36.7088,0.8181818,18
269,25.3921,0.8181818,18
270,39.8547,0.8181818,18
271,24.6474,0.8181818,18
272,37.4733,0.8181818,18
273,26.5883,0.8181818,18
274,39.9967,0.8181818,18
275,24.5018,0.8181818,18
276,47.4138,0.8181818,18
277,24.1844,0.8181818,19
278,35.0212,0.8181818,19
279,25.125,0.8181818,19
280,38.5081,0.8181818,19
270,24.8943,0.8181818,19
268,36.4512,0.8181818,19
281,24.0152,0.8181818,19
282,26.9883,0.8181818,19
276,35.8382,0.8181818,19
274,24.9312,0.8181818,19
282,37.6731,0.8181818,20
270,24.6873,0.8181818,20
276,38.4054,0.8181818,20
279,26.4437,0.8181818,20
283,35.0885,0.8181818,20
284,23.3258,0.8181818,20
270,36.348,0.8181818,20
274,23.1412,0.8181818,20
285,35.1912,0.8181818,20
286,24.0919,0.8181818,20
287,39.1577,0.8181818,21
288,23.3456,0.8181818,21
279,38.2534,0.8181818,21
282,24.9045,0.8181818,21
285,36.1043,0.8181818,21
270,25.0319,0.8181818,21
289,38.9012,0.8181818,21
290,23.8931,0.8181818,21
291,38.3137,0.8181818,21
292,24.8174,0.8181818,21
293,38.2156,0.8181818,22
294,37.5776,0.8181818,22
295,23.5839,0.8181818,22
296,37.0878,0.8181818,22
297,23.1216,0.8181818,22
298,35.7835,0.8181818,22
288,23.621,0.8181818,22
287,35.7056,0.8181818,22
299,22.6749,0.8181818,22
300,35.6579,0.8181818,22
301,23.0467,0.8181818,23
302,37.0143,0.8181818,23
303,23.5145,0.8181818,23
304,37.8287,0.8181818,23
300,24.0894,0.8181818,23
294,38.0682,0.8181818,23
305,24.6582,0.8181818,23
306,37.4011,0.8181818,23
307,26.4091,0.8181818,23
308,36.8136,0.8181818,23
309,26.4322,0.8181818,24
310,37.8277,0.8181818,24
294,26.5045,0.8181818,24
301,35.71,0.8181818,24
311,23.4394,0.8181818,24
312,26.025,0.8181818,24
313,35.454,0.8181818,24
314,23.219,0.8181818,24
315,39.3114,0.8181818,24
316,26.2302,0.8181818,24
1,37.056,0.3636364,0
2,21.0917,0.3636364,0
3,32.5659,0.8181818,0
4,22.0398,0.3636364,0
5,30.9563,0.5454546,0
6,20.8969,0.3636364,0
7,29.4883,0.5454546,0
8,25.0857,0.5454546,0
9,29.1817,0.3636364,0
10,35.3237,0.3636364,0
11,20.3757,0.3636364,1
12,33.167,0.3636364,1
13,19.4228,0.5454546,1
14,18.878,0.5454546,1
15,28.4345,0.5454546,1
16,34.9389,0.3636364,1
17,17.2454,0.5454546,1
18,28.0046,0.5454546,1
19,17.5866,0.8181818,1
20,21.3915,0.5454546,1
21,19.352,0.5454546,2
22,19.1844,0.8181818,2
13,35.6575,0.8181818,2
17,17.9673,0.5454546,2
15,29.7318,0.5454546,2
13,31.6044,0.8181818,2
23,18.0653,0.8181818,2
24,16.0956,0.3636364,2
17,29.5469,0.5454546,2
18,20.2399,0.5454546,2
25,20.2957,0.5454546,3
26,30.2742,0.8181818,3
17,20.0086,0.5454546,3
23,27.2337,0.5454546,3
13,19.8044,0.5454546,3
22,18.079,0.5454546,3
27,32.2576,0.3636364,3
28,17.0578,0.3636364,3
29,36.3057,0.8181818,3
30,22.685,0.5454546,3
29,24.9241,0.5454546,4
26,31.7445,0.5454546,4
29,31.1291,0.8181818,4
26,21.6601,0.5454546,4
31,29.0867,0.5454546,4
32,21.2338,0.5454546,4
33,20.0976,0.5454546,4
34,20.7197,0.5454546,4
26,19.2416,0.8181818,4
26,29.5534,0.5454546,4
29,18.8149,0.8181818,5
29,30.0236,0.5454546,5
35,21.3228,0.5454546,5
36,18.2822,0.5454546,5
37,32.1963,0.8181818,5
38,23.9034,0.3636364,5
39,33.343,0.3636364,5
40,15.2954,0.3636364,5
32,17.8081,0.5454546,5
29,17.0703,0.5454546,5
41,18.7919,0.8181818,6
42,18.4277,0.5454546,6
29,17.0522,0.5454546,6
32,17.8443,0.5454546,6
37,17.7602,0.5454546,6
37,17.0101,0.8181818,6
43,28.8381,0.8181818,6
44,19.3658,0.8181818,6
45,17.1124,0.8181818,6
46,17.3519,0.8181818,6
37,16.6351,0.8181818,7
45,17.0297,0.8181818,7
47,16.2089,0.8181818,7
48,18.9248,0.8181818,7
49,17.3684,0.5454546,7
50,19.3367,0.8181818,7
45,17.2919,0.8181818,7
37,18.9317,0.8181818,7
51,30.7448,0.5454546,7
52,17.7768,0.8181818,7
53,17.6607,0.3636364,8
54,17.4645,0.5454546,8
55,18.4959,0.8181818,8
56,19.187,0.8181818,8
57,16.4367,0.8181818,8
58,17.9035,0.5454546,8
59,18.212,0.5454546,8
60,17.6927,0.5454546,8
52,32.6851,0.8181818,8
48,18.5482,0.8181818,8
48,19.8175,0.5454546,9
48,19.5722,0.8181818,9
52,18.0363,0.8181818,9
48,18.0544,0.5454546,9
61,17.9721,0.8181818,9
62,17.9717,0.8181818,9
55,17.9534,0.8181818,9
52,17.7817,0.8181818,9
63,17.7168,0.8181818,9
64,29.5848,0.8181818,9
62,16.6695,0.8181818,10
55,18.1834,0.5454546,10
65,18.4508,0.5454546,10
66,18.8838,0.8181818,10
67,19.4977,0.8181818,10
68,17.5486,0.8181818,10
52,17.2802,0.8181818,10
61,17.329,0.5454546,10
69,17.3556,0.8181818,10
70,30.1759,0.8181818,10
67,16.8379,0.8181818,11
69,16.7432,0.8181818,11
71,16.9964,0.8181818,11
72,17.627,0.8181818,11
69,18.5737,0.8181818,11
62,27.4155,0.8181818,11
68,26.9065,0.8181818,11
66,23.9824,0.5454546,11
52,20.0141,0.8181818,11
70,43.3477,0.8181818,11
73,26.9286,0.8181818,12
74,24.8473,0.8181818,12
72,31.3918,0.8181818,12
62,23.5313,0.8181818,12
75,25.9751,0.8181818,12
76,24.1017,0.8181818,12
69,27.0307,0.8181818,12
71,26.0769,0.8181818,12
77,23.234,0.8181818,12
78,42.4603,0.8181818,12
79,23.3489,0.8181818,13
80,22.5717,0.8181818,13
81,25.0771,0.8181818,13
82,22.9122,0.8181818,13
78,23.1115,0.8181818,13
78,23.2914,0.8181818,13
78,24.383,0.8181818,13
77,23.125,0.8181818,13
83,24.3713,0.8181818,13
84,36.9241,0.8181818,13
83,18.4161,0.8181818,14
83,16.8174,0.8181818,14
85,18.6579,0.8181818,14
86,19.1026,0.8181818,14
87,21.1067,0.8181818,14
88,18.4979,0.8181818,14
83,20.8145,0.8181818,14
77,18.7297,0.8181818,14
84,18.5625,0.8181818,14
83,30.8986,0.8181818,14
86,19.3876,0.8181818,15
86,18.7263,0.8181818,15
89,17.1933,0.8181818,15
90,18.9979,0.8181818,15
91,18.3383,0.8181818,15
92,17.2147,0.8181818,15
83,18.6953,0.8181818,15
83,19.8825,0.8181818,15
77,17.9696,0.8181818,15
87,37.0875,0.8181818,15
86,20.1934,0.8181818,16
86,18.3298,0.8181818,16
93,18.9582,0.8181818,16
94,21.2673,0.8181818,16
95,19.4946,0.8181818,16
96,20.2896,0.8181818,16
97,18.3542,0.8181818,16
98,18.3794,0.8181818,16
99,18.077,0.8181818,16
100,30.9086,0.8181818,16
101,18.0268,0.8181818,17
102,18.3686,0.8181818,17
103,19.067,0.8181818,17
104,20.7389,0.8181818,17
105,20.5034,0.8181818,17
106,18.6599,0.8181818,17
107,22.2603,0.8181818,17
108,18.4528,0.8181818,17
93,21.0577,0.8181818,17
99,65.664,0.8181818,17
109,33.852,0.8181818,18
110,40.8146,0.8181818,18
111,26.4608,0.8181818,18
112,24.8024,0.8181818,18
113,34.3874,0.8181818,18
114,27.9513,0.8181818,18
115,29.3682,0.8181818,18
116,31.0018,0.8181818,18
117,34.904,0.8181818,18
118,69.0644,0.8181818,18
119,38.1781,0.8181818,19
120,44.6962,0.8181818,19
121,35.4569,0.8181818,19
122,24.4532,0.8181818,19
112,20.6263,0.8181818,19
110,29.6653,0.8181818,19
123,30.7899,0.8181818,19
124,25.7322,0.8181818,19
118,30.3763,0.8181818,19
116,65.4309,0.8181818,19
124,31.9968,0.8181818,20
112,32.7162,0.8181818,20
118,34.7738,0.8181818,20
121,43.9172,0.8181818,20
125,43.5136,0.8181818,20
126,47.5729,0.8181818,20
112,52.2492,0.8181818,20
116,46.5881,0.8181818,20
127,55.031,0.8181818,20
128,104.3635,0.8181818,20
129,26.0624,0.8181818,21
130,23.4594,0.8181818,21
121,20.9375,0.8181818,21
124,21.3196,0.8181818,21
127,19.5767,0.8181818,21
112,19.6989,0.8181818,21
131,20.6075,0.8181818,21
132,19.125,0.8181818,21
133,36.2433,0.8181818,21
134,21.1552,0.8181818,21
135,20.6422,0.8181818,22
136,17.5147,0.8181818,22
137,20.1488,0.8181818,22
138,20.5349,0.8181818,22
139,20.9879,0.8181818,22
140,20.2952,0.8181818,22
130,21.265,0.8181818,22
129,20.7851,0.8181818,22
141,31.1208,0.8181818,22
142,18.9003,0.8181818,22
143,19.9993,0.8181818,23
144,20.1403,0.8181818,23
145,20.3234,0.8181818,23
146,18.3349,0.8181818,23
142,18.9664,0.8181818,23
136,20.4123,0.8181818,23
147,26.8482,0.8181818,23
148,25.9813,0.8181818,23
149,47.5631,0.8181818,23
150,28.1153,0.8181818,23
151,29.3199,0.8181818,24
152,27.8472,0.8181818,24
136,26.1949,0.8181818,24
143,31.7374,0.8181818,24
153,28.7551,0.8181818,24
154,23.4292,0.8181818,24
155,20.6032,0.8181818,24
156,19.3805,0.8181818,24
157,35.0101,0.8181818,24
158,18.6267,0.8181818,24
1,18.5419,0.3636364,0
2,36.3443,0.3636364,0
3,18.6635,0.8181818,0
4,22.1949,0.3636364,0
5,19.5557,0.8181818,0
6,18.4592,0.3636364,0
7,17.7876,0.5454546,0
8,22.9968,0.5454546,0
9,31.8012,0.3636364,0
10,21.6967,0.3636364,0
11,18.0078,0.8181818,1
12,17.2852,0.5454546,1
13,18.9334,0.5454546,1
14,19.4146,0.5454546,1
15,30.821,0.8181818,1
16,17.8952,0.5454546,1
17,17.2785,0.5454546,1
18,20.4851,0.5454546,1
19,17.8567,0.8181818,1
20,19.1358,0.5454546,1
21,18.2106,0.5454546,2
22,32.9546,0.8181818,2
11,19.1286,0.8181818,2
11,18.7627,0.8181818,2
15,18.0037,0.8181818,2
15,17.8766,0.8181818,2
23,17.2568,0.8181818,2
24,19.1428,0.5454546,2
15,31.6785,0.8181818,2
15,17.5119,0.5454546,2
25,18.5453,0.8181818,3
26,18.7727,0.5454546,3
11,18.3586,0.8181818,3
23,18.4341,0.5454546,3
11,19.7573,0.8181818,3
22,34.3281,0.5454546,3
27,18.3623,0.8181818,3
28,18.2973,0.5454546,3
29,19.4919,0.3636364,3
30,17.7723,0.3636364,3
25,17.85,0.8181818,4
11,18.1151,0.5454546,4
22,17.2767,0.8181818,4
27,31.5601,0.5454546,4
31,18.4307,0.8181818,4
32,17.9371,0.5454546,4
33,18.6336,0.8181818,4
34,19.3525,0.5454546,4
25,17.5882,0.8181818,4
25,17.3161,0.5454546,4
33,32.0997,0.8181818,5
25,18.731,0.5454546,5
35,17.7911,0.8181818,5
36,17.6415,0.5454546,5
37,20.6867,0.8181818,5
38,17.5677,0.5454546,5
39,17.7539,0.8181818,5
40,32.5676,0.5454546,5
32,17.9027,0.8181818,5
22,18.1188,0.5454546,5
41,17.733,0.8181818,6
42,17.0608,0.5454546,6
39,17.9937,0.8181818,6
32,17.4937,0.5454546,6
37,33.9961,0.8181818,6
37,20.6113,0.5454546,6
43,20.0258,0.8181818,6
44,18.464,0.5454546,6
45,18.6521,0.8181818,6
46,19.6897,0.5454546,6
39,33.6475,0.8181818,7
39,19.4702,0.5454546,7
47,17.5548,0.8181818,7
48,20.2293,0.5454546,7
49,18.5513,0.8181818,7
50,19.7705,0.5454546,7
45,18.502,0.8181818,7
39,32.9354,0.5454546,7
51,18.5031,0.8181818,7
52,18.1983,0.5454546,7
53,18.6448,0.8181818,8
54,19.2353,0.5454546,8
55,19.8254,0.8181818,8
56,19.4686,0.5454546,8
57,31.6473,0.8181818,8
58,18.7158,0.5454546,8
59,18.7986,0.8181818,8
60,18.1421,0.5454546,8
52,19.3512,0.8181818,8
49,18.1242,0.5454546,8
59,17.3228,0.8181818,9
53,31.3726,0.5454546,9
52,18.2152,0.8181818,9
59,17.8801,0.5454546,9
61,18.7463,0.8181818,9
62,18.4257,0.5454546,9
55,18.2484,0.8181818,9
52,64.7896,0.5454546,9
63,112.7431,0.8181818,9
64,59.5808,0.5454546,9
62,61.9217,0.8181818,10
55,66.9298,0.5454546,10
65,41.9821,0.8181818,10
66,24.3737,0.5454546,10
67,25.3006,0.8181818,10
68,39.266,0.5454546,10
61,25.8831,0.8181818,10
61,26.4309,0.5454546,10
69,23.316,0.8181818,10
70,23.301,0.5454546,10
67,25.4615,0.8181818,11
69,22.0698,0.5454546,11
71,38.2645,0.8181818,11
72,24.5625,0.5454546,11
69,23.537,0.8181818,11
62,33.7074,0.5454546,11
61,25.6776,0.8181818,11
62,30.4602,0.5454546,11
61,37.9311,0.8181818,11
65,52.1379,0.5454546,11
73,26.8645,0.8181818,12
74,26.9433,0.5454546,12
61,28.2915,0.8181818,12
69,30.6372,0.5454546,12
75,23.2184,0.8181818,12
76,22.329,0.5454546,12
69,39.0989,0.8181818,12
71,20.8509,0.5454546,12
77,24.1426,0.8181818,12
78,21.4862,0.5454546,12
79,20.7918,0.8181818,13
80,20.0278,0.5454546,13
81,20.4049,0.8181818,13
82,35.9111,0.5454546,13
61,24.6417,0.8181818,13
61,19.6124,0.5454546,13
61,19.277,0.8181818,13
77,18.8647,0.5454546,13
83,19.6823,0.8181818,13
84,31.5264,0.5454546,13
83,18.8094,0.8181818,14
83,18.4347,0.5454546,14
85,18.9942,0.8181818,14
86,18.7353,0.5454546,14
87,19.5193,0.8181818,14
88,18.703,0.5454546,14
83,34.1319,0.8181818,14
81,18.6861,0.5454546,14
83,18.0427,0.8181818,14
83,18.264,0.5454546,14
85,20.3427,0.8181818,15
86,19.6067,0.5454546,15
89,20.6326,0.8181818,15
90,34.692,0.5454546,15
91,19.4576,0.8181818,15
92,19.7503,0.5454546,15
87,19.5044,0.8181818,15
83,20.1253,0.5454546,15
81,19.6865,0.8181818,15
87,21.4206,0.5454546,15
85,33.8668,0.8181818,16
86,18.7475,0.5454546,16
93,19.6646,0.8181818,16
94,19.7247,0.5454546,16
95,19.1052,0.8181818,16
96,20.6044,0.5454546,16
97,19.249,0.8181818,16
98,34.3624,0.5454546,16
99,22.6302,0.8181818,16
100,21.5344,0.5454546,16
101,20.0713,0.8181818,17
102,20.3106,0.5454546,17
103,21.4226,0.8181818,17
104,20.2504,0.5454546,17
105,35.1665,0.8181818,17
106,18.8009,0.5454546,17
107,18.7404,0.8181818,17
108,20.2781,0.5454546,17
93,20.4662,0.8181818,17
99,18.7472,0.5454546,17
109,18.9751,0.8181818,18
110,32.552,0.5454546,18
111,18.5548,0.8181818,18
112,18.145,0.5454546,18
113,18.0976,0.8181818,18
114,18.6856,0.5454546,18
115,19.6415,0.8181818,18
116,17.8628,0.5454546,18
117,32.6719,0.8181818,18
118,19.9828,0.5454546,18
119,19.8742,0.8181818,19
120,20.6146,0.5454546,19
121,20.202,0.8181818,19
122,19.8793,0.5454546,19
109,21.4705,0.8181818,19
115,35.8619,0.5454546,19
123,20.0892,0.8181818,19
124,19.2454,0.5454546,19
111,20.7706,0.8181818,19
113,21.184,0.5454546,19
119,20.9691,0.8181818,20
109,36.6943,0.5454546,20
111,21.1011,0.8181818,20
121,20.4161,0.5454546,20
125,22.4505,0.8181818,20
126,23.2477,0.5454546,20
109,24.2762,0.8181818,20
121,23.0169,0.5454546,20
127,43.27,0.8181818,20
128,20.3812,0.5454546,20
129,19.2526,0.8181818,21
130,20.8963,0.5454546,21
109,20.1346,0.8181818,21
119,21.803,0.5454546,21
127,20.3956,0.8181818,21
109,37.9519,0.5454546,21
131,22.2226,0.8181818,21
132,23.1674,0.5454546,21
133,24.6898,0.8181818,21
134,21.342,0.5454546,21
135,22.3996,0.8181818,22
136,25.1574,0.5454546,22
137,38.9594,0.8181818,22
138,28.3616,0.5454546,22
139,22.0256,0.8181818,22
140,34.217,0.5454546,22
129,33.0364,0.8181818,22
129,42.9995,0.5454546,22
141,45.6333,0.8181818,22
142,62.9165,0.5454546,22
143,28.9052,0.8181818,23
144,36.7132,0.5454546,23
145,31.3041,0.8181818,23
146,44.2753,0.5454546,23
139,42.0819,0.8181818,23
141,30.8708,0.5454546,23
147,45.4346,0.8181818,23
148,24.8845,0.5454546,23
149,27.3032,0.8181818,23
150,22.0564,0.5454546,23
151,25.0923,0.8181818,24
152,21.4406,0.5454546,24
149,18.8461,0.8181818,24
143,33.8534,0.5454546,24
153,19.1913,0.8181818,24
154,19.5117,0.5454546,24
155,19.3427,0.8181818,24
156,20.624,0.5454546,24
157,19.5344,0.8181818,24
158,18.5819,0.5454546,24
1,22.8958,0.3636364,0
2,19.7056,0.3636364,0
3,18.3349,0.8181818,0
4,20.443,0.3636364,0
5,18.0404,0.8181818,0
6,32.3412,0.3636364,0
7,16.8531,0.5454546,0
8,23.2024,0.5454546,0
9,17.2883,0.3636364,0
10,20.1293,0.3636364,0
11,31.5513,0.8181818,1
12,17.7795,0.8181818,1
13,17.9093,0.5454546,1
14,19.2207,0.5454546,1
15,17.8005,0.8181818,1
16,17.9253,0.5454546,1
17,17.297,0.5454546,1
18,32.5375,0.5454546,1
19,21.3192,0.8181818,1
20,22.2224,0.5454546,1
21,27.0953,0.3636364,2
22,23.2143,0.5454546,2
11,18.3624,0.8181818,2
11,18.3997,0.5454546,2
15,19.1734,0.8181818,2
15,18.9398,0.5454546,2
23,19.0061,0.8181818,2
24,33.7839,0.8181818,2
15,19.3012,0.8181818,2
12,18.6804,0.5454546,2
25,18.5521,0.8181818,3
26,18.8366,0.8181818,3
15,19.6185,0.8181818,3
23,18.8795,0.5454546,3
15,32.0791,0.8181818,3
15,17.6852,0.5454546,3
27,18.5719,0.8181818,3
28,18.7996,0.5454546,3
29,18.6711,0.8181818,3
30,20.417,0.5454546,3
29,33.1557,0.8181818,4
26,18.2635,0.5454546,4
29,19.0183,0.8181818,4
27,17.9884,0.8181818,4
31,19.8515,0.8181818,4
32,18.3598,0.8181818,4
33,33.6902,0.8181818,4
34,20.5566,0.8181818,4
25,18.7109,0.8181818,4
25,18.7177,0.8181818,4
33,18.0535,0.8181818,5
25,18.8455,0.8181818,5
35,34.0232,0.8181818,5
36,18.14,0.8181818,5
37,18.4441,0.8181818,5
38,18.976,0.8181818,5
39,18.0439,0.8181818,5
40,17.9977,0.8181818,5
32,31.5738,0.8181818,5
29,17.3075,0.8181818,5
41,19.778,0.8181818,6
42,17.874,0.8181818,6
25,18.0641,0.8181818,6
40,17.8759,0.8181818,6
37,33.1705,0.8181818,6
37,18.2712,0.8181818,6
43,17.7413,0.8181818,6
44,18.6864,0.8181818,6
45,18.1055,0.8181818,6
46,18.6773,0.8181818,6
25,33.1942,0.8181818,7
25,17.7424,0.8181818,7
47,17.337,0.8181818,7
48,17.3245,0.8181818,7
49,17.9572,0.8181818,7
50,19.9776,0.8181818,7
45,31.8873,0.8181818,7
37,17.5818,0.8181818,7
51,17.8918,0.8181818,7
52,16.8833,0.8181818,7
53,17.4296,0.8181818,8
54,18.1054,0.8181818,8
55,32.8612,0.8181818,8
56,17.5005,0.8181818,8
57,18.1138,0.8181818,8
58,19.4602,0.8181818,8
59,19.0245,0.8181818,8
60,17.8661,0.8181818,8
52,31.8369,0.8181818,8
48,17.415,0.8181818,8
59,21.4824,0.8181818,9
53,18.8241,0.8181818,9
52,17.8641,0.8181818,9
59,17.9179,0.8181818,9
61,32.5951,0.8181818,9
62,16.918,0.8181818,9
60,19.7531,0.8181818,9
52,17.6243,0.8181818,9
63,17.9731,0.8181818,9
64,17.5888,0.8181818,9
62,31.9795,0.8181818,10
59,17.9958,0.8181818,10
65,17.7599,0.8181818,10
66,17.7112,0.8181818,10
67,20.2586,0.8181818,10
68,17.7852,0.8181818,10
52,31.6959,0.8181818,10
61,19.0481,0.8181818,10
69,18.06,0.8181818,10
70,16.8331,0.8181818,10
59,17.499,0.8181818,11
69,18.8226,0.8181818,11
71,31.8631,0.8181818,11
72,17.5562,0.8181818,11
69,17.7757,0.8181818,11
62,17.752,0.8181818,11
61,17.8138,0.8181818,11
61,17.6296,0.8181818,11
52,32.0517,0.8181818,11
65,48.4017,0.8181818,11
73,19.6105,0.8181818,12
74,17.0279,0.8181818,12
72,18.2465,0.8181818,12
61,18.7773,0.8181818,12
75,19.5992,0.8181818,12
76,17.5226,0.8181818,12
69,18.5198,0.8181818,12
71,17.5243,0.8181818,12
77,17.7231,0.8181818,12
78,31.4259,0.8181818,12
79,18.2659,0.8181818,13
80,17.5893,0.8181818,13
81,19.4384,0.8181818,13
82,18.2353,0.8181818,13
78,20.1963,0.8181818,13
78,32.2476,0.8181818,13
78,18.2154,0.8181818,13
77,17.6606,0.8181818,13
83,17.867,0.8181818,13
84,18.8012,0.8181818,13
83,18.5238,0.8181818,14
83,32.8304,0.8181818,14
85,18.1784,0.8181818,14
86,18.2942,0.8181818,14
87,17.702,0.8181818,14
88,18.0916,0.8181818,14
83,19.8909,0.8181818,14
77,31.7877,0.8181818,14
84,17.7189,0.8181818,14
83,18.0766,0.8181818,14
86,18.4275,0.8181818,15
86,17.8115,0.8181818,15
89,18.2588,0.8181818,15
90,31.6479,0.8181818,15
91,21.6519,0.8181818,15
92,20.2933,0.8181818,15
83,18.081,0.8181818,15
83,19.391,0.8181818,15
77,18.6826,0.8181818,15
87,31.2876,0.8181818,15
86,17.4028,0.8181818,16
86,18.2308,0.8181818,16
93,18.05,0.8181818,16
94,18.6161,0.8181818,16
95,18.0959,0.8181818,16
96,32.0681,0.8181818,16
97,18.6508,0.8181818,16
98,17.8832,0.8181818,16
99,20.0712,0.8181818,16
100,17.9679,0.8181818,16
101,18.2815,0.8181818,17
102,30.8155,0.8181818,17
103,17.7901,0.8181818,17
104,17.4351,0.8181818,17
105,17.3634,0.8181818,17
106,17.8412,0.8181818,17
107,17.3418,0.8181818,17
108,31.9913,0.8181818,17
93,17.6761,0.8181818,17
99,17.4383,0.8181818,17
109,18.0701,0.8181818,18
110,17.8877,0.8181818,18
111,17.8932,0.8181818,18
112,31.769,0.8181818,18
113,17.685,0.8181818,18
114,17.5301,0.8181818,18
115,18.7571,0.8181818,18
116,18.6243,0.8181818,18
117,18.216,0.8181818,18
118,31.8065,0.8181818,18
119,17.4337,0.8181818,19
120,20.2723,0.8181818,19
121,18.5007,0.8181818,19
122,17.8849,0.8181818,19
112,17.8632,0.8181818,19
110,34.231,0.8181818,19
123,18.2881,0.8181818,19
124,17.4934,0.8181818,19
118,17.7044,0.8181818,19
116,17.6302,0.8181818,19
124,18.4151,0.8181818,20
112,33.0511,0.8181818,20
118,19.4918,0.8181818,20
121,17.7579,0.8181818,20
125,19.4466,0.8181818,20
126,19.9843,0.8181818,20
112,18.8292,0.8181818,20
116,33.6627,0.8181818,20
127,20.6555,0.8181818,20
128,18.1469,0.8181818,20
129,19.1038,0.8181818,21
130,18.9852,0.8181818,21
121,19.7719,0.8181818,21
124,34.12,0.8181818,21
127,18.1672,0.8181818,21
112,18.3775,0.8181818,21
131,18.0125,0.8181818,21
132,18.411,0.8181818,21
133,17.3525,0.8181818,21
134,33.0794,0.8181818,21
135,18.4763,0.8181818,22
136,20.6967,0.8181818,22
137,19.3558,0.8181818,22
138,20.7281,0.8181818,22
139,18.4109,0.8181818,22
140,37.5525,0.8181818,22
130,34.5924,0.8181818,22
129,26.0087,0.8181818,22
141,23.6641,0.8181818,22
142,21.4891,0.8181818,22
143,20.4334,0.8181818,23
144,35.8293,0.8181818,23
145,21.5806,0.8181818,23
146,22.5736,0.8181818,23
142,19.7152,0.8181818,23
136,20.3791,0.8181818,23
147,21.2488,0.8181818,23
148,35.0493,0.8181818,23
149,19.3962,0.8181818,23
150,18.8029,0.8181818,23
151,19.0639,0.8181818,24
152,19.1241,0.8181818,24
136,21.6258,0.8181818,24
143,33.6673,0.8181818,24
153,22.5737,0.8181818,24
154,18.8293,0.8181818,24
155,18.6815,0.8181818,24
156,18.6414,0.8181818,24
157,20.3492,0.8181818,24
158,32.6696,0.8181818,24
1,18.9349,0.3636364,0
2,19.4611,0.3636364,0
3,20.0574,0.8181818,0
4,21.3114,0.3636364,0
5,31.217,0.8181818,0
6,18.8328,0.3636364,0
7,17.9333,0.5454546,0
8,25.4413,0.5454546,0
9,16.7844,0.3636364,0
10,34.16,0.6363636,0
11,19.6596,0.5454546,1
12,16.7482,0.8181818,1
13,18.8957,0.5454546,1
14,19.048,0.5454546,1
15,18.9132,0.5454546,1
16,33.6521,0.8181818,1
17,21.1057,0.3636364,1
18,21.7551,0.3636364,1
19,20.1167,0.6363636,1
20,19.4622,0.5454546,1
21,36.9363,0.6363636,2
22,16.1438,0.8181818,2
13,20.9424,0.5454546,2
11,18.0991,0.8181818,2
12,18.3721,0.8181818,2
16,18.6203,0.8181818,2
23,33.9174,0.8181818,2
24,21.7781,0.8181818,2
15,18.0343,0.5454546,2
16,19.0087,0.8181818,2
25,20.7679,0.5454546,3
26,34.1845,0.8181818,3
12,22.8739,0.5454546,3
23,22.3582,0.8181818,3
12,18.682,0.8181818,3
12,18.2207,0.8181818,3
27,32.9267,0.8181818,3
28,21.2816,0.8181818,3
29,16.4238,0.5454546,3
30,18.0861,0.5454546,3
23,19.6192,0.8181818,4
26,18.3171,0.8181818,4
12,96.9232,0.8181818,4
27,22.3323,0.8181818,4
31,21.6824,0.8181818,4
32,19.6178,0.5454546,4
33,17.532,0.8181818,4
34,17.2072,0.5454546,4
28,31.0453,0.8181818,4
23,19.3508,0.8181818,4
33,18.003,0.8181818,5
28,18.2071,0.8181818,5
35,19.1591,0.8181818,5
36,32.2334,0.8181818,5
37,21.7112,0.8181818,5
38,21.8077,0.8181818,5
39,17.5351,0.8181818,5
40,18.435,0.6363636,5
23,18.6754,0.8181818,5
12,32.2003,0.5454546,5
41,19.6997,0.8181818,6
42,18.9464,0.8181818,6
28,17.8463,0.8181818,6
23,19.8257,0.8181818,6
37,21.1386,0.8181818,6
37,33.18,0.8181818,6
43,24.932,0.8181818,6
44,18.4358,0.8181818,6
45,17.6506,0.8181818,6
46,19.3978,0.5454546,6
28,31.3927,0.8181818,7
28,18.1366,0.5454546,7
47,19.1398,0.8181818,7
48,18.4616,0.8181818,7
49,19.1172,0.8181818,7
50,19.7829,0.8181818,7
45,31.7422,0.8181818,7
37,21.419,0.8181818,7
51,17.8568,0.8181818,7
52,19.9889,0.8181818,7
53,17.2918,0.5454546,8
54,33.9806,0.8181818,8
55,18.0981,0.8181818,8
56,18.4067,0.6363636,8
57,19.312,0.8181818,8
58,18.5225,0.5454546,8
59,19.9814,0.8181818,8
60,38.5509,0.8181818,8
52,21.959,0.8181818,8
48,19.2944,0.5454546,8
59,19.2059,0.8181818,9
52,20.5515,0.8181818,9
52,20.562,0.8181818,9
59,39.3248,0.5454546,9
61,21.4303,0.3636364,9
62,22.0729,0.8181818,9
60,22.4209,0.8181818,9
52,24.5195,0.8181818,9
63,39.3266,0.8181818,9
64,21.9701,0.8181818,9
62,20.0928,0.8181818,10
60,20.8665,0.8181818,10
65,19.98,0.8181818,10
66,19.6465,0.8181818,10
67,36.0684,0.8181818,10
68,19.829,0.8181818,10
52,22.1257,0.8181818,10
63,19.0989,0.8181818,10
69,19.3097,0.8181818,10
70,18.7192,0.8181818,10
60,33.9624,0.8181818,11
69,19.3568,0.8181818,11
71,19.3674,0.8181818,11
72,20.7592,0.8181818,11
69,18.7888,0.8181818,11
62,34.0968,0.8181818,11
63,20.4532,0.8181818,11
63,18.6721,0.8181818,11
52,20.1685,0.8181818,11
65,18.6621,0.8181818,11
73,19.1055,0.8181818,12
74,34.3373,0.8181818,12
72,20.3609,0.8181818,12
63,21.1739,0.8181818,12
75,18.9589,0.8181818,12
76,18.5892,0.8181818,12
69,18.2789,0.8181818,12
71,33.0786,0.8181818,12
77,19.4694,0.8181818,12
78,19.3348,0.8181818,12
79,20.7239,0.8181818,13
80,20.7538,0.8181818,13
81,19.2257,0.8181818,13
82,33.2746,0.8181818,13
78,20.4792,0.8181818,13
78,19.4893,0.8181818,13
78,19.6022,0.8181818,13
77,19.9988,0.8181818,13
83,32.7897,0.8181818,13
84,20.337,0.8181818,13
83,19.1728,0.8181818,14
83,18.7879,0.8181818,14
85,19.3145,0.8181818,14
86,18.5237,0.8181818,14
87,33.1397,0.8181818,14
88,20.3477,0.8181818,14
83,18.7815,0.8181818,14
77,21.2478,0.8181818,14
84,18.7102,0.8181818,14
83,18.9722,0.8181818,14
86,33.9488,0.8181818,15
86,19.3577,0.8181818,15
89,20.3856,0.8181818,15
90,19.6953,0.8181818,15
91,20.4333,0.8181818,15
92,33.3831,0.8181818,15
83,19.0427,0.8181818,15
83,19.9814,0.8181818,15
77,20.0756,0.8181818,15
87,19.3323,0.8181818,15
86,19.3835,0.8181818,16
86,32.8614,0.8181818,16
93,21.0794,0.8181818,16
94,22.1512,0.8181818,16
95,18.8754,0.8181818,16
96,20.842,0.8181818,16
97,19.8487,0.8181818,16
98,35.9423,0.8181818,16
99,18.7433,0.8181818,16
100,20.6815,0.8181818,16
101,18.9612,0.8181818,17
102,19.4342,0.8181818,17
103,34.0775,0.8181818,17
104,20.6857,0.8181818,17
105,19.4988,0.8181818,17
106,19.1437,0.8181818,17
107,20.7192,0.8181818,17
108,20.2723,0.8181818,17
93,34.2116,0.8181818,17
99,19.487,0.8181818,17
109,20.8035,0.8181818,18
110,19.5722,0.8181818,18
111,20.3118,0.8181818,18
112,19.1255,0.8181818,18
113,33.7861,0.8181818,18
114,19.3209,0.8181818,18
115,19.2758,0.8181818,18
116,19.4068,0.8181818,18
117,19.6343,0.8181818,18
118,33.2683,0.8181818,18
119,20.2812,0.8181818,19
120,19.3579,0.8181818,19
121,18.8717,0.8181818,19
122,19.5922,0.8181818,19
112,19.1087,0.8181818,19
110,33.047,0.8181818,19
123,19.912,0.8181818,19
124,19.2607,0.8181818,19
118,19.7754,0.8181818,19
116,19.1158,0.8181818,19
124,19.1951,0.8181818,20
112,33.8249,0.8181818,20
118,19.8648,0.8181818,20
121,19.262,0.8181818,20
125,19.4467,0.8181818,20
126,21.6141,0.8181818,20
112,33.1807,0.8181818,20
116,19.0946,0.8181818,20
127,18.9103,0.8181818,20
128,19.4329,0.8181818,20
129,19.9047,0.8181818,21
130,22.5708,0.8181818,21
121,33.5345,0.8181818,21
124,19.3504,0.8181818,21
127,21.7173,0.8181818,21
112,18.6834,0.8181818,21
131,19.2081,0.8181818,21
132,21.6724,0.8181818,21
133,33.8836,0.8181818,21
134,19.5556,0.8181818,21
135,19.6587,0.8181818,22
136,19.2347,0.8181818,22
137,19.8548,0.8181818,22
138,33.8197,0.8181818,22
139,19.2968,0.8181818,22
140,18.6561,0.8181818,22
130,18.8889,0.8181818,22
129,18.9902,0.8181818,22
141,19.4903,0.8181818,22
142,34.8292,0.8181818,22
143,19.2365,0.8181818,23
144,19.2032,0.8181818,23
145,21.685,0.8181818,23
146,21.2082,0.8181818,23
142,19.6934,0.8181818,23
136,33.8807,0.8181818,23
147,19.327,0.8181818,23
148,19.3895,0.8181818,23
149,19.2667,0.8181818,23
150,21.4065,0.8181818,23
151,33.4345,0.8181818,24
152,19.0459,0.8181818,24
136,18.9496,0.8181818,24
143,19.8931,0.8181818,24
153,19.0969,0.8181818,24
154,19.4568,0.8181818,24
155,33.1336,0.8181818,24
156,18.9236,0.8181818,24
157,19.3446,0.8181818,24
158,19.2886,0.8181818,24
1,22.59,0.3636364,0
2,23.4255,0.3636364,0
3,17.6817,0.8181818,0
4,20.0801,0.3636364,0
5,17.7463,0.5454546,0
6,33.0692,0.6363636,0
7,17.7491,0.5454546,0
8,24.7452,0.5454546,0
9,17.3911,0.3636364,0
10,22.6478,0.6363636,0
11,39.6728,0.3636364,1
12,21.5929,0.6363636,1
13,20.7365,0.5454546,1
14,20.6402,0.5454546,1
15,18.1834,0.2727273,1
16,38.4513,0.5454546,1
17,20.3006,0.3636364,1
18,20.8123,0.3636364,1
19,18.8253,0.3636364,1
20,34.1766,0.8181818,1
21,19.6439,0.3636364,2
22,17.9236,0.3636364,2
20,18.8171,0.5454546,2
20,21.4207,0.5454546,2
20,34.1232,0.5454546,2
13,18.542,0.5454546,2
23,21.1243,0.8181818,2
24,20.8052,0.3636364,2
14,17.6354,0.8181818,2
12,20.1808,0.3636364,2
25,35.817,0.2727273,3
26,18.9931,0.3636364,3
14,19.9689,0.5454546,3
23,19.6586,0.5454546,3
14,20.272,0.5454546,3
14,32.8055,0.5454546,3
27,19.5321,0.2727273,3
28,19.2534,0.3636364,3
29,19.6037,0.5454546,3
30,19.4075,0.5454546,3
29,17.4307,0.5454546,4
30,33.3529,0.5454546,4
30,18.9041,0.5454546,4
23,22.3478,0.8181818,4
31,18.2403,0.8181818,4
32,20.8871,0.3636364,4
33,37.1565,0.8181818,4
34,19.2917,0.5454546,4
30,20.7806,0.5454546,4
23,22.2798,0.5454546,4
33,18.7783,0.5454546,5
30,21.0541,0.5454546,5
35,32.0205,0.5454546,5
36,17.8745,0.5454546,5
37,17.5973,0.5454546,5
38,21.0313,0.5454546,5
39,18.86,0.5454546,5
40,18.7248,0.8181818,5
23,34.6348,0.5454546,5
31,17.7843,0.5454546,5
41,18.3023,0.5454546,6
42,18.2906,0.8181818,6
30,19.1175,0.5454546,6
40,36.2016,0.5454546,6
37,18.4492,0.8181818,6
37,19.941,0.8181818,6
43,17.6645,0.3636364,6
44,15.0213,0.3636364,6
45,18.4951,0.8181818,6
46,18.4583,0.5454546,6
37,31.4124,0.5454546,7
45,17.6196,0.8181818,7
47,19.1894,0.8181818,7
48,19.1513,0.8181818,7
49,19.2136,0.5454546,7
50,17.203,0.2727273,7
45,19.0078,0.8181818,7
37,17.7021,0.8181818,7
51,19.0976,0.5454546,7
52,20.5451,0.5454546,7
53,18.6047,0.3636364,8
54,16.7501,0.3636364,8
55,16.4739,0.5454546,8
56,18.1268,0.3636364,8
57,19.0406,0.5454546,8
58,17.5364,0.8181818,8
59,19.16,0.5454546,8
60,37.962,0.5454546,8
37,18.0796,0.5454546,8
48,18.3441,0.5454546,8
58,20.5981,0.5454546,9
58,19.223,0.8181818,9
37,18.7233,0.5454546,9
58,32.0793,0.8181818,9
61,17.5309,0.5454546,9
62,17.6274,0.8181818,9
58,19.2383,0.5454546,9
37,20.16,0.8181818,9
63,34.8702,0.5454546,9
64,18.3359,0.5454546,9
62,17.2211,0.5454546,10
62,18.6558,0.8181818,10
65,17.6042,0.5454546,10
66,17.7425,0.8181818,10
67,32.2624,0.5454546,10
68,19.9089,0.8181818,10
37,17.7276,0.5454546,10
37,18.2061,0.8181818,10
69,18.0904,0.5454546,10
70,18.0436,0.8181818,10
62,31.96,0.5454546,11
37,17.4625,0.8181818,11
71,17.5248,0.5454546,11
72,17.6266,0.8181818,11
62,17.4647,0.5454546,11
62,32.2891,0.8181818,11
37,18.2323,0.5454546,11
37,17.5543,0.8181818,11
37,17.7436,0.5454546,11
70,21.1557,0.8181818,11
73,20.1682,0.5454546,12
74,32.1651,0.8181818,12
72,19.6845,0.5454546,12
62,17.6523,0.8181818,12
75,18.0179,0.5454546,12
76,18.2879,0.8181818,12
62,17.6669,0.5454546,12
62,33.1149,0.8181818,12
77,18.2051,0.5454546,12
78,18.7726,0.8181818,12
79,18.0117,0.5454546,13
80,18.3524,0.8181818,13
81,32.4688,0.5454546,13
82,18.6288,0.8181818,13
78,19.8609,0.5454546,13
78,18.2641,0.8181818,13
78,18.5552,0.5454546,13
62,17.983,0.8181818,13
83,32.2241,0.5454546,13
84,17.7279,0.8181818,13
84,17.6793,0.5454546,14
82,17.7252,0.8181818,14
85,18.2881,0.5454546,14
86,20.4051,0.8181818,14
87,32.2789,0.5454546,14
88,18.0878,0.8181818,14
62,17.8366,0.5454546,14
62,17.6567,0.8181818,14
84,19.1109,0.5454546,14
80,32.6017,0.8181818,14
86,17.6721,0.5454546,15
86,18.3043,0.8181818,15
89,18.1838,0.5454546,15
90,18.2963,0.8181818,15
91,19.253,0.5454546,15
92,33.9877,0.8181818,15
82,17.2511,0.5454546,15
82,18.8276,0.8181818,15
62,18.0444,0.5454546,15
80,18.7474,0.8181818,15
86,32.0418,0.5454546,16
86,18.5944,0.8181818,16
93,17.2477,0.5454546,16
94,17.8265,0.8181818,16
95,18.6418,0.5454546,16
96,18.8627,0.8181818,16
97,32.4475,0.5454546,16
98,19.1853,0.8181818,16
99,18.1986,0.5454546,16
100,18.7795,0.8181818,16
101,20.1626,0.5454546,17
102,17.8648,0.8181818,17
103,32.0887,0.5454546,17
104,18.5735,0.8181818,17
105,17.9371,0.5454546,17
106,19.1674,0.8181818,17
107,17.8233,0.5454546,17
108,32.3298,0.8181818,17
93,17.3191,0.5454546,17
94,17.686,0.8181818,17
109,17.5443,0.5454546,18
110,21.082,0.8181818,18
111,18.404,0.5454546,18
112,33.1259,0.8181818,18
113,17.8953,0.5454546,18
114,17.8769,0.8181818,18
115,17.8742,0.5454546,18
116,20.5039,0.8181818,18
117,17.5926,0.5454546,18
118,17.8421,0.8181818,18
119,17.6789,0.5454546,19
120,17.9143,0.8181818,19
121,17.6885,0.5454546,19
122,18.6714,0.8181818,19
112,34.4615,0.5454546,19
110,18.0889,0.8181818,19
123,25.367,0.5454546,19
124,17.9981,0.8181818,19
118,19.8976,0.5454546,19
116,17.8082,0.8181818,19
124,31.8235,0.5454546,20
116,18.1853,0.8181818,20
110,17.4806,0.5454546,20
116,17.8197,0.8181818,20
125,17.7958,0.5454546,20
126,32.4204,0.8181818,20
116,18.8878,0.5454546,20
116,17.8663,0.8181818,20
127,17.4582,0.5454546,20
128,18.9294,0.8181818,20
129,18.0409,0.5454546,21
130,33.3904,0.8181818,21
116,17.9301,0.5454546,21
116,20.4137,0.8181818,21
116,18.1443,0.5454546,21
116,17.6175,0.8181818,21
131,17.997,0.5454546,21
132,35.1339,0.8181818,21
133,17.4918,0.5454546,21
134,18.0404,0.8181818,21
135,17.1429,0.5454546,22
136,18.7383,0.8181818,22
137,31.6581,0.5454546,22
138,20.4329,0.8181818,22
139,17.7268,0.5454546,22
140,18.7523,0.8181818,22
130,20.2666,0.5454546,22
116,17.708,0.8181818,22
141,31.9488,0.5454546,22
142,17.9164,0.8181818,22
143,17.5572,0.5454546,23
144,19.0248,0.8181818,23
145,18.1266,0.5454546,23
146,34.0973,0.8181818,23
142,17.5911,0.5454546,23
136,20.0949,0.8181818,23
147,17.4721,0.5454546,23
148,18.8008,0.8181818,23
149,17.1591,0.5454546,23
150,31.8215,0.8181818,23
151,17.4367,0.5454546,24
152,18.7319,0.8181818,24
136,17.937,0.5454546,24
150,18.3848,0.8181818,24
153,18.2232,0.5454546,24
154,32.283,0.8181818,24
155,17.4983,0.5454546,24
156,18.909,0.8181818,24
157,18.0363,0.5454546,24
158,20.0905,0.8181818,24
1,29.6278,0.3636364,0
2,20.1217,0.3636364,0
3,19.9387,0.8181818,0
4,20.4562,0.3636364,0
5,16.8863,0.8181818,0
6,17.2775,0.3636364,0
7,32.3098,0.5454546,0
8,22.788,0.5454546,0
9,18.9326,0.3636364,0
10,21.0668,0.6363636,0
11,32.1237,0.8181818,1
12,18.3636,0.8181818,1
13,19.3791,0.5454546,1
14,19.6107,0.5454546,1
15,17.8147,0.8181818,1
16,34.213,0.8181818,1
17,22.0062,0.3636364,1
18,21.1319,0.3636364,1
19,20.4531,0.6363636,1
20,35.7,0.5454546,1
21,20.5445,0.5454546,2
22,17.6405,0.5454546,2
11,17.9546,0.5454546,2
11,33.2825,0.5454546,2
15,20.8284,0.5454546,2
16,17.5144,0.5454546,2
23,17.4625,0.5454546,2
24,18.5097,0.5454546,2
15,32.2931,0.5454546,2
16,18.2704,0.5454546,2
25,17.2302,0.5454546,3
26,21.4931,0.5454546,3
15,32.2373,0.5454546,3
23,17.7738,0.5454546,3
21,17.5673,0.5454546,3
15,18.0948,0.5454546,3
27,18.0816,0.5454546,3
28,32.683,0.5454546,3
29,18.1521,0.5454546,3
30,17.5753,0.5454546,3
29,18.1015,0.5454546,4
26,32.4563,0.5454546,4
30,17.9854,0.5454546,4
27,17.0622,0.5454546,4
31,17.9194,0.5454546,4
32,17.1779,0.5454546,4
33,32.8688,0.5454546,4
34,19.483,0.5454546,4
25,18.0791,0.5454546,4
23,17.5819,0.5454546,4
33,17.7324,0.5454546,5
25,31.8256,0.5454546,5
35,17.8181,0.5454546,5
36,17.5985,0.5454546,5
37,17.5338,0.5454546,5
38,30.8934,0.5454546,5
39,17.7881,0.5454546,5
40,18.1951,0.5454546,5
32,17.5471,0.5454546,5
30,20.824,0.5454546,5
41,33.1245,0.5454546,6
42,17.2923,0.5454546,6
25,18.3199,0.5454546,6
40,17.8578,0.5454546,6
37,32.949,0.5454546,6
37,17.6405,0.5454546,6
43,18.202,0.5454546,6
44,17.7147,0.5454546,6
45,18.1629,0.5454546,6
46,32.6691,0.5454546,6
25,19.8164,0.5454546,7
25,17.6155,0.5454546,7
47,18.0741,0.5454546,7
48,31.6277,0.5454546,7
49,17.7615,0.5454546,7
50,19.7671,0.5454546,7
45,18.6978,0.5454546,7
37,17.4535,0.5454546,7
51,31.8622,0.5454546,7
52,17.8761,0.5454546,7
53,18.2014,0.5454546,8
54,19.2996,0.5454546,8
55,32.5115,0.5454546,8
56,18.1664,0.5454546,8
57,17.8914,0.5454546,8
58,17.4976,0.5454546,8
59,16.6381,0.5454546,8
60,34.9523,0.5454546,8
52,17.0334,0.5454546,8
48,17.1508,0.5454546,8
59,18.5686,0.5454546,9
53,33.9414,0.5454546,9
52,17.9061,0.5454546,9
59,17.3244,0.5454546,9
61,18.2682,0.5454546,9
62,19.2483,0.5454546,9
60,32.8936,0.5454546,9
52,17.7224,0.5454546,9
63,19.1118,0.5454546,9
64,18.3698,0.5454546,9
62,32.4585,0.5454546,10
59,17.4669,0.5454546,10
65,17.0339,0.5454546,10
66,17.86,0.5454546,10
67,18.3848,0.5454546,10
68,32.502,0.5454546,10
52,17.7832,0.5454546,10
61,17.7739,0.5454546,10
69,18.1283,0.5454546,10
70,32.7087,0.5454546,10
59,17.7402,0.5454546,11
69,17.1175,0.5454546,11
71,17.6458,0.5454546,11
72,18.2344,0.5454546,11
69,32.677,0.5454546,11
62,17.1406,0.5454546,11
61,17.7471,0.5454546,11
61,17.7029,0.5454546,11
52,32.6057,0.5454546,11
65,18.0967,0.5454546,11
73,17.7623,0.5454546,12
74,18.0871,0.5454546,12
72,17.6187,0.5454546,12
61,32.433,0.5454546,12
75,19.3652,0.5454546,12
76,17.4246,0.5454546,12
69,17.2238,0.5454546,12
71,31.3425,0.5454546,12
77,17.3577,0.5454546,12
78,17.8731,0.5454546,12
79,17.5808,0.5454546,13
80,17.1202,0.5454546,13
81,32.6336,0.5454546,13
82,19.2752,0.5454546,13
78,18.1233,0.5454546,13
78,18.555,0.5454546,13
78,33.3019,0.5454546,13
77,17.8373,0.5454546,13
83,16.9574,0.5454546,13
84,18.9593,0.5454546,13
83,17.2567,0.5454546,14
83,35.0022,0.5454546,14
85,17.9396,0.5454546,14
86,18.1585,0.5454546,14
87,18.3132,0.5454546,14
88,32.4436,0.5454546,14
83,20.1068,0.5454546,14
77,16.759,0.5454546,14
84,17.6133,0.5454546,14
83,17.8441,0.5454546,14
86,32.8239,0.5454546,15
86,17.361,0.5454546,15
89,18.5174,0.5454546,15
90,18.1217,0.5454546,15
91,32.0358,0.5454546,15
92,19.0964,0.5454546,15
83,18.5606,0.5454546,15
83,17.9415,0.5454546,15
77,19.7412,0.5454546,15
87,35.1536,0.5454546,15
86,17.3305,0.5454546,16
86,17.7189,0.5454546,16
93,19.2727,0.5454546,16
94,32.3717,0.5454546,16
95,19.5685,0.5454546,16
96,17.9068,0.5454546,16
97,20.3422,0.5454546,16
98,17.6503,0.5454546,16
99,32.0265,0.5454546,16
100,16.9402,0.5454546,16
101,19.5577,0.5454546,17
102,18.3455,0.5454546,17
103,32.2547,0.5454546,17
104,19.7316,0.5454546,17
105,18.2574,0.5454546,17
106,17.7645,0.5454546,17
107,16.7585,0.5454546,17
108,33.6853,0.5454546,17
93,17.3865,0.5454546,17
99,18.5763,0.5454546,17
109,18.029,0.5454546,18
110,18.4498,0.5454546,18
111,35.2151,0.5454546,18
112,22.2358,0.5454546,18
113,21.7857,0.5454546,18
114,25.7722,0.5454546,18
115,59.9955,0.5454546,18
116,25.3467,0.5454546,18
117,29.3746,0.5454546,18
118,22.7284,0.5454546,18
119,28.0419,0.5454546,19
120,56.6428,0.5454546,19
121,27.5974,0.5454546,19
122,28.7117,0.5454546,19
112,34.2537,0.5454546,19
110,32.1376,0.5454546,19
123,19.2669,0.5454546,19
124,18.316,0.5454546,19
118,18.7698,0.5454546,19
116,18.1815,0.5454546,19
124,32.6859,0.5454546,20
112,20.1868,0.5454546,20
118,17.5836,0.5454546,20
121,17.3779,0.5454546,20
125,31.3559,0.5454546,20
126,19.3355,0.5454546,20
112,17.4861,0.5454546,20
116,17.1511,0.5454546,20
127,17.574,0.5454546,20
128,35.1791,0.5454546,20
129,17.4024,0.5454546,21
130,17.7067,0.5454546,21
121,19.4027,0.5454546,21
124,31.6313,0.5454546,21
127,18.2215,0.5454546,21
112,17.7691,0.5454546,21
131,19.1706,0.5454546,21
132,17.8504,0.5454546,21
133,33.6842,0.5454546,21
134,18.074,0.5454546,21
135,17.9583,0.5454546,22
136,18.1531,0.5454546,22
137,32.1968,0.5454546,22
138,17.3392,0.5454546,22
139,17.5977,0.5454546,22
140,18.8683,0.5454546,22
130,17.6365,0.5454546,22
129,32.0437,0.5454546,22
141,19.0017,0.5454546,22
142,18.478,0.5454546,22
143,17.3585,0.5454546,23
144,31.8133,0.5454546,23
145,17.7652,0.5454546,23
146,17.5729,0.5454546,23
142,17.7646,0.5454546,23
136,18.4859,0.5454546,23
147,32.7844,0.5454546,23
148,18.4551,0.5454546,23
149,17.5492,0.5454546,23
150,18.1904,0.5454546,23
151,33.3862,0.5454546,24
152,17.9706,0.5454546,24
136,20.4849,0.5454546,24
143,17.3685,0.5454546,24
153,17.4401,0.5454546,24
154,31.9525,0.5454546,24
155,17.4113,0.5454546,24
156,17.3582,0.5454546,24
157,18.89,0.5454546,24
158,32.5264,0.5454546,24
1,18.4717,0.3636364,0
2,17.0519,0.3636364,0
3,19.5148,0.5454546,0
4,23.4344,0.3636364,0
5,18.8492,0.8181818,0
6,18.3911,0.3636364,0
7,34.482,0.5454546,0
8,23.0568,0.5454546,0
9,17.0757,0.3636364,0
10,35.9731,0.3636364,0
11,17.9246,0.8181818,1
12,17.3006,0.8181818,1
13,21.5969,0.6363636,1
14,19.6175,0.5454546,1
15,36.5778,0.8181818,1
16,19.7824,0.8181818,1
17,19.2287,0.5454546,1
18,16.9838,0.5454546,1
19,35.5096,0.8181818,1
20,19.1281,0.5454546,1
21,19.5085,0.3636364,2
22,18.7346,0.5454546,2
11,16.607,0.5454546,2
11,17.5186,0.5454546,2
15,17.2468,0.5454546,2
16,19.4016,0.5454546,2
23,35.3441,0.5454546,2
24,18.759,0.5454546,2
15,18.9911,0.5454546,2
16,18.1911,0.8181818,2
25,33.5324,0.5454546,3
26,19.4915,0.8181818,3
16,18.8165,0.5454546,3
16,18.1983,0.8181818,3
15,34.2734,0.5454546,3
15,18.9134,0.8181818,3
27,17.6969,0.5454546,3
28,17.763,0.8181818,3
29,31.9118,0.8181818,3
30,16.5006,0.5454546,3
29,16.8323,0.8181818,4
26,19.1094,0.8181818,4
15,17.3962,0.8181818,4
16,16.6886,0.8181818,4
31,18.641,0.8181818,4
32,35.6505,0.8181818,4
33,21.0931,0.8181818,4
34,18.6309,0.8181818,4
28,17.2856,0.8181818,4
16,31.8365,0.8181818,4
33,17.5704,0.8181818,5
28,17.5246,0.8181818,5
35,17.355,0.8181818,5
36,37.7977,0.8181818,5
37,18.8989,0.8181818,5
38,17.2764,0.8181818,5
39,17.3251,0.8181818,5
40,32.4763,0.8181818,5
32,17.4573,0.8181818,5
15,17.637,0.8181818,5
41,17.5124,0.8181818,6
42,33.0577,0.8181818,6
28,17.6374,0.8181818,6
40,18.5754,0.8181818,6
37,17.6032,0.8181818,6
37,33.178,0.8181818,6
43,17.8051,0.8181818,6
44,17.7396,0.8181818,6
45,20.4796,0.8181818,6
46,33.1272,0.8181818,6
28,18.2453,0.8181818,7
28,17.8042,0.8181818,7
47,18.3438,0.8181818,7
48,34.078,0.8181818,7
49,19.9779,0.8181818,7
50,19.7246,0.8181818,7
45,17.5891,0.8181818,7
37,19.7921,0.8181818,7
51,32.841,0.8181818,7
52,18.2379,0.8181818,7
53,18.5632,0.8181818,8
54,18.3007,0.8181818,8
55,32.8693,0.8181818,8
56,17.9154,0.8181818,8
57,18.6918,0.8181818,8
58,19.4564,0.8181818,8
59,32.6603,0.8181818,8
60,16.9025,0.8181818,8
52,17.9203,0.8181818,8
48,16.9235,0.8181818,8
59,32.5935,0.8181818,9
53,17.4375,0.8181818,9
52,17.5253,0.8181818,9
59,17.6659,0.8181818,9
61,32.0277,0.8181818,9
62,17.0574,0.8181818,9
60,17.4557,0.8181818,9
52,17.2584,0.8181818,9
63,34.4156,0.8181818,9
64,19.7954,0.8181818,9
62,17.3831,0.8181818,10
59,17.7947,0.8181818,10
65,32.6531,0.8181818,10
66,17.8286,0.8181818,10
67,17.3021,0.8181818,10
68,16.632,0.8181818,10
52,32.3159,0.8181818,10
61,18.1573,0.8181818,10
69,19.3885,0.8181818,10
70,17.9215,0.8181818,10
59,19.5816,0.8181818,11
69,32.0589,0.8181818,11
71,17.1696,0.8181818,11
72,17.4379,0.8181818,11
69,18.1524,0.8181818,11
62,32.6511,0.8181818,11
61,17.6829,0.8181818,11
61,57.6117,0.8181818,11
52,23.3663,0.8181818,11
65,36.4984,0.8181818,11
73,17.7085,0.8181818,12
74,17.93,0.8181818,12
72,17.9328,0.8181818,12
61,33.3548,0.8181818,12
75,18.1047,0.8181818,12
76,16.9312,0.8181818,12
69,17.6429,0.8181818,12
71,31.4564,0.8181818,12
77,18.9786,0.8181818,12
78,17.8742,0.8181818,12
79,16.7477,0.8181818,13
80,34.0305,0.8181818,13
81,17.5169,0.8181818,13
82,17.342,0.8181818,13
78,19.5077,0.8181818,13
78,86.206,0.8181818,13
78,17.3481,0.8181818,13
77,17.8979,0.8181818,13
83,19.6485,0.8181818,13
84,32.4683,0.8181818,13
83,18.4498,0.8181818,14
83,18.1335,0.8181818,14
85,18.1339,0.8181818,14
86,17.4331,0.8181818,14
87,33.1871,0.8181818,14
88,17.2331,0.8181818,14
83,17.3412,0.8181818,14
77,17.7742,0.8181818,14
84,32.8923,0.8181818,14
83,19.7512,0.8181818,14
86,19.6537,0.8181818,15
86,16.9855,0.8181818,15
89,34.4236,0.8181818,15
90,20.0755,0.8181818,15
91,17.6465,0.8181818,15
92,18.1331,0.8181818,15
83,32.7369,0.8181818,15
83,17.5406,0.8181818,15
77,17.4605,0.8181818,15
87,17.7191,0.8181818,15
86,34.2804,0.8181818,16
86,19.4717,0.8181818,16
93,18.4826,0.8181818,16
94,18.7938,0.8181818,16
95,32.3403,0.8181818,16
96,17.5078,0.8181818,16
97,18.3402,0.8181818,16
98,17.9041,0.8181818,16
99,32.2908,0.8181818,16
100,18.0439,0.8181818,16
101,18.054,0.8181818,17
102,17.7362,0.8181818,17
103,32.6337,0.8181818,17
104,18.4356,0.8181818,17
105,18.2478,0.8181818,17
106,18.1433,0.8181818,17
107,17.7399,0.8181818,17
108,32.1557,0.8181818,17
93,18.2178,0.8181818,17
99,19.3658,0.8181818,17
109,17.5782,0.8181818,18
110,33.5955,0.8181818,18
111,17.2283,0.8181818,18
112,19.1363,0.8181818,18
113,18.4286,0.8181818,18
114,34.3063,0.8181818,18
115,18.467,0.8181818,18
116,17.4828,0.8181818,18
117,17.339,0.8181818,18
118,33.3468,0.8181818,18
119,17.7059,0.8181818,19
120,18.1366,0.8181818,19
121,17.713,0.8181818,19
122,34.0036,0.8181818,19
112,17.9956,0.8181818,19
110,17.7678,0.8181818,19
123,17.5373,0.8181818,19
124,32.7127,0.8181818,19
118,18.3279,0.8181818,19
116,18.2194,0.8181818,19
124,17.2212,0.8181818,20
112,33.0798,0.8181818,20
118,18.8849,0.8181818,20
121,19.4488,0.8181818,20
125,17.3551,0.8181818,20
126,34.1896,0.8181818,20
112,17.583,0.8181818,20
116,18.4646,0.8181818,20
127,16.732,0.8181818,20
128,17.4287,0.8181818,20
129,36.4492,0.8181818,21
130,17.7245,0.8181818,21
121,17.7679,0.8181818,21
124,17.3187,0.8181818,21
127,32.0705,0.8181818,21
112,17.446,0.8181818,21
131,17.5742,0.8181818,21
132,17.1001,0.8181818,21
133,32.6513,0.8181818,21
134,18.1405,0.8181818,21
135,17.8065,0.8181818,22
136,16.7909,0.8181818,22
137,32.5779,0.8181818,22
138,19.8102,0.8181818,22
139,17.6043,0.8181818,22
140,21.8449,0.8181818,22
130,33.2557,0.8181818,22
129,18.8226,0.8181818,22
141,17.5303,0.8181818,22
142,19.975,0.8181818,22
143,33.1218,0.8181818,23
144,17.5712,0.8181818,23
145,17.8248,0.8181818,23
146,17.9956,0.8181818,23
142,32.6793,0.8181818,23
136,18.6448,0.8181818,23
147,17.9736,0.8181818,23
148,19.2216,0.8181818,23
149,35.3884,0.8181818,23
150,17.346,0.8181818,23
151,18.2034,0.8181818,24
152,18.0048,0.8181818,24
136,17.7635,0.8181818,24
143,32.7405,0.8181818,24
153,18.9268,0.8181818,24
154,18.6628,0.8181818,24
155,17.995,0.8181818,24
156,35.8473,0.8181818,24
157,18.2021,0.8181818,24
158,18.4091,0.8181818,24
