1,216.0228,0.1029762,10
2,53.1194,0.1029762,10
3,35.6276,0.1,10
4,38.4096,0.1041667,10
5,43.3269,0.09583336,10
6,31.4083,0.09166664,10
12,40.2335,0.1057692,9
1,46.7259,0.1029762,9
9,37.2625,0.1029762,9
1,38.1559,0.1029762,9
8,32.94,0.1,9
4,40.8387,0.09851193,9
1,35.4248,0.1136364,8
1,36.724,0.1136364,8
14,41.7335,0.1105769,8
9,38.0792,0.1105769,8
12,22.3591,0.1,8
12,16.2848,0.1,8
1,37.3291,0.11875,7
21,34.2702,0.11875,7
16,48.6928,0.1145833,7
17,40.5649,0.1079546,7
14,52.9004,0.1071429,7
19,35.017,0.1041667,7
1,34.292,0.11875,6
1,40.6763,0.11875,6
16,28.9117,0.1125,6
16,31.346,0.1125,6
17,43.7794,0.1079546,6
23,53.8187,0.1071429,6
26,33.5316,0.11875,5
23,38.6721,0.1180556,5
23,57.3545,0.1180556,5
27,28.1468,0.1171875,5
1,31.4835,0.1069444,5
1,26.3047,0.1069444,5
30,41.0629,0.1193182,4
26,21.21,0.1125,4
23,23.8414,0.1015625,4
23,23.481,0.1015625,4
23,23.808,0.1015625,4
23,28.8256,0.1015625,4
35,31.2715,0.125,3
37,21.8285,0.125,3
30,38.9505,0.11875,3
30,45.8705,0.11875,3
32,34.946,0.1130208,3
34,26.1401,0.1130208,3
35,30.9379,0.125,2
43,30.8857,0.125,2
35,36.6348,0.125,2
42,39.7173,0.1197917,2
45,33.668,0.1171875,2
39,30.4657,0.1071429,2
43,47.9924,0.1193182,1
43,81.8543,0.1193182,1
49,60.0972,0.1180556,1
48,49.0941,0.1171875,1
35,28.3963,0.1160714,1
52,43.4442,0.1119047,1
1,211.7451,0.1029762,10
2,50.7575,0.1029762,10
3,37.4894,0.1,10
4,40.8667,0.1041667,10
5,28.6283,0.09583336,10
6,33.2329,0.09166664,10
11,38.8752,0.1136364,9
1,38.7809,0.1029762,9
9,36.5187,0.1029762,9
1,40.4173,0.1029762,9
8,38.2166,0.1,9
4,35.1856,0.09851193,9
11,22.0416,0.1160714,8
11,19.6496,0.1160714,8
1,40.6181,0.1136364,8
1,37.0764,0.1136364,8
1,30.813,0.1136364,8
14,37.0921,0.1105769,8
1,26.2235,0.125,7
17,32.7153,0.125,7
1,28.8771,0.125,7
11,17.7152,0.1160714,7
16,28.6008,0.1136364,7
20,27.6067,0.1111111,7
1,15.1285,0.125,6
24,34.4236,0.125,6
25,35.9098,0.125,6
28,34.0877,0.125,6
1,18.9883,0.125,6
21,41.1654,0.1136364,6
1,21.3926,0.125,5
30,31.5573,0.125,5
28,30.4016,0.125,5
24,24.2188,0.125,5
31,19.683,0.1208333,5
25,29.5236,0.1130208,5
1,15.7292,0.125,4
34,23.0988,0.125,4
30,33.2728,0.125,4
30,35.6022,0.125,4
35,26.6504,0.1180556,4
31,25.6953,0.109375,4
1,17.7435,0.125,3
38,29.1799,0.125,3
44,39.9914,0.125,3
42,35.6551,0.1208333,3
46,27.4419,0.1208333,3
39,38.3521,0.1136364,3
1,7.9782,0.125,2
47,35.2683,0.125,2
42,33.4758,0.1208333,2
46,39.6883,0.11875,2
44,36.7574,0.1136364,2
44,39.3678,0.1136364,2
1,4.9624,0.125,1
50,32.9368,0.125,1
47,36.8753,0.125,1
53,22.4651,0.125,1
42,36.6497,0.1208333,1
52,38.5748,0.1145833,1
1,202.2599,0.182381,10
2,67.2779,0.282381,10
3,35.5744,0.18,10
4,42.8821,0.2833333,10
5,36.0442,0.2741026,10
6,42.9542,0.2233333,10
11,44.2449,0.2909091,9
10,32.2236,0.1866667,9
1,43.6046,0.182381,9
3,37.0814,0.18,9
2,34.0457,0.179697,9
7,32.4054,0.1783333,9
13,30.9899,0.2870833,8
3,23.4499,0.2818182,8
11,38.2068,0.2770833,8
11,23.5135,0.2770833,8
11,33.2308,0.2770833,8
10,32.0206,0.1788889,8
17,48.5072,0.2911111,7
13,27.39,0.2870833,7
16,39.8882,0.2870833,7
13,24.8099,0.2870833,7
19,27.873,0.2266667,7
11,26.1791,0.19,7
13,27.2656,0.28,6
13,28.3316,0.28,6
24,42.3844,0.2791667,6
22,28.3704,0.2322222,6
17,9.7378,0.19,6
17,10.1216,0.19,6
25,34.7973,0.2833333,5
13,26.7254,0.2795238,5
13,26.6364,0.2795238,5
24,30.8505,0.2322222,5
24,49.1067,0.2322222,5
24,30.5825,0.2322222,5
29,33.4455,0.2933334,4
28,27.6051,0.2870833,4
34,27.5491,0.2855555,4
32,24.1389,0.2833334,4
25,22.4096,0.2823809,4
13,35.3242,0.1877778,4
39,45.1419,0.29,3
28,33.9242,0.2870833,3
29,22.9961,0.2433333,3
38,32.1529,0.2388889,3
34,47.3101,0.2375758,3
35,47.5749,0.2316667,3
39,31.9385,0.2870833,2
39,29.7418,0.2870833,2
39,32.6632,0.2870833,2
42,34.7879,0.2833334,2
43,20.3981,0.2833333,2
34,35.5518,0.2816667,2
39,23.4019,0.2933333,1
39,20.503,0.2933333,1
46,25.7504,0.2933333,1
47,22.2253,0.2933333,1
49,25.355,0.2933333,1
52,28.0853,0.2933333,1
1,229.3963,0.182381,10
2,56.8507,0.282381,10
3,40.3409,0.18,10
4,43.2149,0.2833333,10
5,37.4593,0.2741026,10
6,35.8413,0.2233333,10
11,46.1763,0.2909091,9
9,47.2601,0.2741026,9
4,35.0336,0.2288096,9
1,67.8549,0.182381,9
2,40.9747,0.179697,9
7,38.0962,0.1783333,9
13,40.2818,0.2870833,8
11,36.5657,0.2770833,8
11,37.8532,0.2770833,8
11,32.3905,0.2770833,8
9,24.5037,0.27,8
1,42.7978,0.18,8
18,72.0196,0.2961538,7
13,32.7692,0.2870833,7
16,30.3391,0.2870833,7
13,32.7351,0.2870833,7
13,28.0125,0.2870833,7
19,24.2397,0.27125,7
18,19.7064,0.2816666,6
18,19.4768,0.2816666,6
13,33.6617,0.28,6
16,25.5966,0.2433333,6
22,40.8773,0.2322222,6
23,46.2435,0.1841667,6
16,32.105,0.2911111,5
13,44.6128,0.2883334,5
13,45.4244,0.2883334,5
13,38.556,0.2883334,5
23,53.1607,0.1841667,5
18,17.8709,0.1733333,5
16,23.1933,0.2933333,4
16,21.09,0.2933333,4
23,50.2303,0.29,4
26,36.3037,0.2883334,4
29,48.2863,0.2851282,4
28,32.8255,0.2466667,4
16,21.327,0.2966667,3
38,43.3712,0.2921212,3
34,28.6616,0.2916667,3
36,40.5656,0.2866667,3
29,32.9112,0.2855555,3
31,49.609,0.2809091,3
41,40.7021,0.3,2
16,9.3053,0.2966667,2
46,33.6895,0.2966667,2
43,33.0151,0.2916667,2
38,37.4833,0.2911111,2
40,28.4657,0.2833334,2
41,30.0484,0.3,1
48,34.4512,0.3,1
50,26.5057,0.3,1
41,33.3845,0.3,1
54,45.9666,0.2916667,1
51,32.5035,0.2911111,1
1,198.0898,0.182381,10
2,63.2349,0.282381,10
3,33.7624,0.18,10
4,51.0787,0.2833333,10
5,35.1475,0.2741026,10
6,36.5013,0.2233333,10
11,47.723,0.2909091,9
8,24.7363,0.2672727,9
10,32.6491,0.1866667,9
1,49.272,0.182381,9
3,35.3382,0.18,9
2,41.9455,0.179697,9
13,30.3645,0.2870833,8
11,29.6102,0.2770833,8
11,42.5222,0.2770833,8
11,27.8294,0.2770833,8
8,22.0577,0.27,8
1,36.6333,0.18,8
18,56.5105,0.2961538,7
13,39.453,0.2870833,7
13,31.9949,0.2870833,7
13,29.0389,0.2870833,7
15,36.1985,0.2770833,7
19,19.9543,0.27125,7
18,56.4719,0.2964286,6
18,57.9716,0.2964286,6
18,56.1207,0.2964286,6
25,35.5456,0.2911111,6
21,30.5311,0.2770833,6
23,34.0804,0.2377778,6
18,26.118,0.2904167,5
18,22.8538,0.2904167,5
18,26.282,0.2904167,5
27,45.7617,0.2892857,5
29,27.6825,0.2875,5
32,36.6603,0.2788889,5
35,47.289,0.2911111,4
34,37.2518,0.2830303,4
18,28.1083,0.2739394,4
18,29.7806,0.2739394,4
32,35.5205,0.2333333,4
27,36.6056,0.2125758,4
35,41.9738,0.2911111,3
40,43.0022,0.2909091,3
34,32.0864,0.2855555,3
42,40.8712,0.2833333,3
43,32.7424,0.2818182,3
38,29.8221,0.2739394,3
42,77.3202,0.2833333,2
35,27.1818,0.2828571,2
35,23.3285,0.2828571,2
35,23.8901,0.2828571,2
48,33.4046,0.2823809,2
45,61.4072,0.1909091,2
54,34.7908,0.2944445,1
50,21.0741,0.2828571,1
42,35.4969,0.2816667,1
42,38.0736,0.2816667,1
42,38.7993,0.2816667,1
51,28.2212,0.1822222,1
1,207.0222,0.182381,10
2,81.5946,0.282381,10
3,50.9271,0.18,10
4,61.9978,0.2833333,10
5,45.3969,0.2741026,10
6,62.8538,0.2233333,10
11,54.6774,0.2909091,9
9,36.5459,0.2741026,9
5,42.1289,0.2741026,9
1,54.5752,0.182381,9
3,42.7774,0.18,9
7,29.9598,0.1783333,9
13,33.9323,0.2870833,8
11,31.7839,0.2770833,8
11,32.7831,0.2770833,8
11,34.1802,0.2770833,8
9,23.0369,0.27,8
1,37.8866,0.18,8
18,46.826,0.2961538,7
13,31.3323,0.2870833,7
13,32.0786,0.2870833,7
13,27.8891,0.2870833,7
15,36.9058,0.2770833,7
19,21.3327,0.27125,7
18,63.1837,0.2964286,6
18,52.3261,0.2964286,6
18,64.9187,0.2964286,6
24,26.9248,0.2916667,6
25,36.9829,0.2911111,6
22,33.8903,0.2322222,6
24,31.7568,0.29375,5
27,48.3907,0.2928571,5
18,24.6473,0.2911111,5
18,29.0657,0.2911111,5
31,32.8235,0.2911111,5
29,26.7215,0.2875,5
24,27.8061,0.2966666,4
24,26.1797,0.2966666,4
24,22.7551,0.2966666,4
34,27.9829,0.2911111,4
35,35.1363,0.2911111,4
37,33.5007,0.1866667,4
24,26.0966,0.2966666,3
39,21.4688,0.2966666,3
45,19.4615,0.2861905,3
41,21.4865,0.2766667,3
44,31.1241,0.1966666,3
48,18.9853,0.1861904,3
52,23.3927,0.2966667,2
24,25.2053,0.2966666,2
49,27.6641,0.2870833,2
39,25.2557,0.2775,2
39,24.2907,0.2775,2
44,17.0038,0.1933333,2
54,26.0573,0.3,1
52,29.9589,0.2966667,1
55,21.1013,0.2966666,1
60,25.4903,0.2966666,1
58,34.0582,0.2904167,1
49,45.8838,0.2870833,1
1,216.7369,0.182381,10
2,58.0463,0.282381,10
3,39.207,0.18,10
4,42.7927,0.2833333,10
5,43.9666,0.2741026,10
6,33.7516,0.2233333,10
11,47.1243,0.2909091,9
5,46.522,0.2741026,9
4,31.9498,0.2288096,9
10,30.7526,0.1866667,9
1,46.8498,0.182381,9
7,26.1561,0.1783333,9
13,35.5267,0.2870833,8
11,31.9977,0.2770833,8
11,36.2468,0.2770833,8
11,32.1989,0.2770833,8
5,22.8713,0.27,8
10,38.8504,0.1909091,8
18,54.0193,0.2961538,7
10,44.3126,0.295,7
13,31.0177,0.2870833,7
16,31.8027,0.2870833,7
13,37.2857,0.2870833,7
20,38.1991,0.2833334,7
21,25.6616,0.2870833,6
23,34.3702,0.2870833,6
18,22.3999,0.2816666,6
18,28.25,0.2816666,6
16,36.1629,0.28,6
13,31.5822,0.2433333,6
28,22.6338,0.2895238,5
26,36.9953,0.2870833,5
16,32.4625,0.2866667,5
21,19.614,0.2757142,5
21,22.0748,0.2757142,5
23,34.6146,0.2344445,5
31,47.4566,0.3,4
37,45.184,0.2916667,4
28,22.7473,0.2895238,4
33,27.6777,0.2895238,4
35,21.6712,0.2883334,4
30,32.3485,0.28,4
31,39.4069,0.3,3
43,44.6549,0.3,3
39,31.4692,0.2916667,3
42,40.0785,0.28,3
45,20.2649,0.27125,3
28,31.1992,0.1866667,3
39,29.3078,0.2928571,2
39,31.1916,0.2928571,2
43,33.4197,0.29,2
48,27.0262,0.2895238,2
31,28.3461,0.2466667,2
31,44.952,0.2466667,2
53,33.6612,0.29375,1
39,26.6418,0.2933333,1
39,27.642,0.2933333,1
48,23.8394,0.2895238,1
52,34.647,0.245,1
50,28.7093,0.1928571,1
1,194.4577,0.182381,10
2,72.6898,0.282381,10
3,37.0647,0.18,10
4,49.7455,0.2833333,10
5,37.3341,0.2741026,10
6,41.9873,0.2233333,10
11,60.4936,0.2909091,9
8,28.1171,0.2672727,9
10,40.8361,0.1866667,9
1,48.2078,0.182381,9
3,47.516,0.18,9
2,40.6641,0.179697,9
13,33.4712,0.2870833,8
11,37.9918,0.2770833,8
11,27.6561,0.2770833,8
11,39.3244,0.2770833,8
8,30.7089,0.27,8
1,47.3047,0.18,8
18,43.1134,0.2961538,7
13,34.3088,0.2870833,7
16,34.7166,0.2870833,7
13,26.8782,0.2870833,7
19,20.8037,0.27125,7
11,22.1877,0.19,7
18,20.8035,0.2816666,6
18,19.9234,0.2816666,6
23,27.6835,0.2804167,6
13,40.3111,0.28,6
16,25.1215,0.2433333,6
22,28.6553,0.2322222,6
13,42.1073,0.2416666,5
13,44.8525,0.2416666,5
23,42.3462,0.2094445,5
23,27.4796,0.2094445,5
25,39.0361,0.1833334,5
18,11.5673,0.1733333,5
31,45,0.2916667,4
30,22.5363,0.2466667,4
28,43.0418,0.2421212,4
13,44.7321,0.1966667,4
13,49.2635,0.1966667,4
13,43.6591,0.1966667,4
35,33.1551,0.3,3
38,36.8303,0.2888889,3
34,52.0795,0.2454545,3
39,29.2461,0.24,3
31,29.4597,0.19375,3
31,28.3051,0.19375,3
35,36.2513,0.3,2
48,37.1738,0.3,2
35,40.8415,0.3,2
45,49.2106,0.2921212,2
43,30.8112,0.24,2
41,31.4018,0.2388889,2
48,29.369,0.2944445,1
48,22.1627,0.2944445,1
50,27.4351,0.29375,1
51,53.9715,0.25,1
43,24.0712,0.24,1
35,48.7266,0.1916666,1
1,206.8902,0.182381,10
2,62.2318,0.282381,10
3,42.7163,0.18,10
4,43.7832,0.2833333,10
5,40.3689,0.2741026,10
6,36.3937,0.2233333,10
11,49.1477,0.2909091,9
4,36.6389,0.2288096,9
10,34.7376,0.1866667,9
1,71.1986,0.182381,9
2,43.6991,0.179697,9
7,37.5225,0.1783333,9
13,35.7036,0.2870833,8
11,30.9106,0.2770833,8
11,42.0056,0.2770833,8
11,36.0821,0.2770833,8
4,19.8803,0.2741667,8
1,35.8309,0.18,8
18,51.6783,0.2923077,7
13,29.1345,0.2870833,7
16,29.9091,0.2870833,7
13,27.4865,0.2870833,7
13,27.479,0.2870833,7
19,25.7892,0.27125,7
18,21.9025,0.2816666,6
18,25.0809,0.2816666,6
13,37.5747,0.28,6
16,22.7078,0.2433333,6
22,33.1019,0.2322222,6
23,51.7578,0.1841667,6
16,31.764,0.2911111,5
13,61.0752,0.2883334,5
13,48.6616,0.2883334,5
13,53.7111,0.2883334,5
23,56.4351,0.1841667,5
18,10.766,0.1733333,5
16,38.1126,0.2933333,4
16,21.8088,0.2933333,4
23,56.093,0.29,4
26,51.3622,0.2883334,4
29,60.8163,0.2851282,4
28,36.5907,0.2466667,4
16,24.135,0.2966667,3
33,25.4103,0.2966666,3
37,42.9428,0.2944445,3
36,40.7357,0.2866667,3
29,41.6849,0.2855555,3
31,61.8422,0.2809091,3
33,22.217,0.3,2
16,19.7718,0.2966667,2
40,37.4216,0.295,2
43,29.2822,0.29375,2
45,26.067,0.29375,2
41,30.1948,0.25,2
47,27.0714,0.3,1
50,36.4426,0.3,1
51,33.4016,0.2944445,1
53,39.0349,0.2444445,1
33,26.7735,0.2,1
33,29.5314,0.2,1
1,223.2398,0.182381,10
2,53.0554,0.282381,10
3,33.9288,0.18,10
4,40.1996,0.2833333,10
5,30.4605,0.2741026,10
6,29.0466,0.2233333,10
11,56.9693,0.2909091,9
9,38.6531,0.2741026,9
1,42.5849,0.182381,9
3,38.1715,0.18,9
2,41.6244,0.179697,9
7,24.1242,0.1783333,9
13,27.1032,0.2870833,8
11,34.0833,0.2770833,8
11,34.3091,0.2770833,8
11,24.9667,0.2770833,8
9,28.7379,0.27,8
3,42.1324,0.1846154,8
18,56.7915,0.2961538,7
13,31.5933,0.2870833,7
16,31.6225,0.2870833,7
13,28.2334,0.2870833,7
13,38.1368,0.2870833,7
19,20.1806,0.27125,7
18,14.7912,0.2816666,6
18,17.7645,0.2816666,6
13,38.5315,0.28,6
16,26.1009,0.2433333,6
22,28.2632,0.2322222,6
23,43.8328,0.1841667,6
16,28.7018,0.2911111,5
16,28.2293,0.2911111,5
13,38.1766,0.2883334,5
23,42.2629,0.1841667,5
18,16.3719,0.1733333,5
18,12.2471,0.1733333,5
25,39.9867,0.3,4
16,33.6776,0.2911111,4
16,32.1445,0.2911111,4
16,23.949,0.2911111,4
13,35.698,0.1830303,4
27,19.2653,0.1823809,4
16,43.4812,0.3,3
16,38.6554,0.3,3
32,42.0254,0.3,3
29,40.952,0.2842425,3
25,27.1824,0.2466666,3
34,31.1586,0.1966667,3
16,40.9286,0.3,2
16,27.7131,0.3,2
16,28.2967,0.3,2
35,27.173,0.24,2
37,30.9794,0.2183333,2
32,37.7484,0.1887879,2
16,18.8755,0.3,1
16,19.339,0.3,1
45,22.57,0.3,1
39,38.0902,0.2916667,1
41,35.737,0.25,1
43,40.224,0.25,1
1,208.3502,0.182381,10
2,55.1335,0.282381,10
3,38.775,0.18,10
4,40.5196,0.2833333,10
5,51.2586,0.2741026,10
6,36.1699,0.2233333,10
11,47.2986,0.2909091,9
9,40.1843,0.2741026,9
5,34.3228,0.2741026,9
8,27.4127,0.2672727,9
4,35.1169,0.2288096,9
1,39.3892,0.182381,9
13,25.509,0.2870833,8
11,31.154,0.2770833,8
11,28.9889,0.2770833,8
11,31.8943,0.2770833,8
8,29.2446,0.2316667,8
9,24.847,0.2255556,8
13,28.6844,0.2870833,7
13,32.7671,0.2870833,7
13,28.3316,0.2870833,7
17,35.7073,0.2844445,7
15,31.5435,0.2770833,7
19,24.8619,0.2275,7
13,27.9295,0.2870833,6
24,37.4954,0.2870833,6
13,32.4729,0.2870833,6
13,39.7169,0.2870833,6
17,31.9748,0.2844445,6
21,31.1587,0.2770833,6
26,35.4548,0.2870833,5
17,33.6448,0.2870833,5
27,34.3887,0.2816667,5
13,34.9985,0.1888889,5
13,46.6212,0.1888889,5
13,38.0021,0.1888889,5
36,27.6958,0.2904167,4
37,53.5104,0.2884615,4
26,30.0593,0.2870833,4
31,30.4146,0.2366667,4
33,42.0929,0.19375,4
30,20.9547,0.1841667,4
39,27.2993,0.2928571,3
36,33.376,0.2904167,3
46,29.1618,0.235,3
41,26.9155,0.2322222,3
44,32.0598,0.2083333,3
26,23.1134,0.19,3
48,21.8674,0.2966667,2
36,31.9287,0.2904167,2
39,17.0107,0.2866667,2
41,20.6424,0.2861905,2
46,35.9934,0.28,2
46,32.9713,0.28,2
54,33.0889,0.3,1
48,25.756,0.2966667,1
48,29.1665,0.2966667,1
49,22.8936,0.29375,1
41,20.9032,0.2861905,1
52,48.9377,0.181282,1
1,192.6165,0.182381,10
2,63.105,0.282381,10
3,32.6968,0.18,10
4,45.2323,0.2833333,10
5,38.1044,0.2741026,10
6,35.6496,0.2233333,10
11,42.6317,0.2909091,9
9,35.5744,0.2741026,9
5,36.9865,0.2741026,9
4,29.7423,0.2288096,9
1,51.7998,0.182381,9
7,32.683,0.1783333,9
13,32.6041,0.2870833,8
4,22.6131,0.2866667,8
11,29.6772,0.2770833,8
11,27.4868,0.2770833,8
11,31.5236,0.2770833,8
9,20.4721,0.2255556,8
18,46.4482,0.2961538,7
13,36.8406,0.2870833,7
16,27.2053,0.2870833,7
13,24.4814,0.2870833,7
13,30.8596,0.2870833,7
19,34.2042,0.2316667,7
18,17.4584,0.2816666,6
18,15.1508,0.2816666,6
13,32.5875,0.28,6
16,29.3631,0.2433333,6
22,31.0241,0.2322222,6
23,45.7443,0.1841667,6
16,25.0215,0.2911111,5
13,51.7924,0.2883334,5
13,42.7148,0.2883334,5
13,45.3686,0.2883334,5
23,44.6253,0.1841667,5
18,11.1593,0.1733333,5
16,22.5467,0.2933333,4
16,22.8493,0.2933333,4
25,34.2729,0.2911111,4
23,38.5798,0.29,4
29,50.1215,0.2851282,4
27,31.658,0.1841667,4
16,15.9662,0.2966667,3
32,36.4297,0.29,3
35,31.6958,0.2866667,3
37,32.4217,0.2866667,3
29,42.7237,0.2855555,3
33,17.0665,0.1861904,3
16,15.7397,0.2966667,2
32,21.2822,0.2895238,2
41,27.5087,0.2895238,2
43,38.3608,0.2866667,2
40,32.7604,0.1916666,2
45,26.3404,0.1855555,2
47,29.0854,0.3,1
49,24.4715,0.2928571,1
32,24.5525,0.2895238,1
53,34.3755,0.2875758,1
16,16.567,0.1966667,1
52,23.2424,0.1790476,1
1,189.0428,0.1766667,10
2,36.8003,0.2733333,10
3,36.9952,0.2808333,10
4,45.272,0.29,10
5,36.6938,0.282381,10
6,29.0331,0.2664103,10
13,52.3884,0.29,9
8,41.8382,0.2817949,9
11,41.1317,0.2817949,9
15,26.516,0.2718182,9
9,59.3206,0.2433333,9
1,30.9067,0.1766667,9
13,55.0734,0.29,8
19,42.327,0.29,8
9,47.4328,0.2833333,8
18,32.339,0.2718182,8
11,38.1421,0.235641,8
8,57.402,0.2183333,8
13,58.4583,0.29,7
23,46.9136,0.24,7
30,42.7634,0.2395238,7
22,50.5671,0.2359524,7
26,54.8482,0.19,7
27,48.5477,0.19,7
13,34.1535,0.2741026,6
31,47.5072,0.2366667,6
22,43.3674,0.2359524,6
33,43.945,0.232381,6
30,47.1831,0.215,6
30,42.8808,0.215,6
35,56.2202,0.2866667,5
39,40.5382,0.2817949,5
37,41.622,0.2779487,5
13,35.1184,0.2741026,5
42,52.0633,0.2366667,5
22,44.4325,0.1895238,5
48,37.3267,0.2833333,4
35,48.1362,0.2817949,4
39,39.5742,0.2817949,4
35,44.4245,0.2817949,4
46,45.1216,0.182381,4
43,41.2733,0.1752381,4
48,34.9065,0.2833333,3
52,46.5853,0.2833333,3
53,52.1998,0.2833333,3
55,38.6401,0.2833333,3
35,40.9254,0.2817949,3
49,34.3969,0.2808333,3
57,44.1487,0.2866667,2
48,35.8102,0.28,2
60,41.3358,0.235641,2
52,50.7685,0.2333333,2
52,49.7557,0.2333333,2
53,38.0368,0.2317949,2
57,44.3575,0.2866667,1
61,46.2772,0.285641,1
63,44.6566,0.282381,1
60,39.6005,0.235641,1
66,50.4476,0.235641,1
67,36.5956,0.235641,1
1,183.1659,0.1766667,10
2,31.8984,0.2733333,10
3,38.3249,0.2808333,10
4,51.9879,0.29,10
5,36.954,0.282381,10
6,26.9657,0.2664103,10
13,59.2773,0.29,9
7,36.8669,0.282381,9
11,35.9045,0.2817949,9
9,65.0001,0.2433333,9
16,49.1224,0.232381,9
1,27.3354,0.1766667,9
13,50.5478,0.29,8
17,39.8403,0.282381,8
9,49.8753,0.2433333,8
7,41.8098,0.2366667,8
20,46.7921,0.235641,8
16,53.2618,0.2216667,8
13,47.4528,0.29,7
30,44.5013,0.282381,7
22,45.6524,0.2359524,7
24,56.1438,0.2183333,7
26,45.8234,0.19,7
27,49.5452,0.19,7
27,32.77,0.2779487,6
13,30.0459,0.2741026,6
22,37.7307,0.2394872,6
31,42.8631,0.2366667,6
24,51.6124,0.2183333,6
34,30.6571,0.1788096,6
37,48.3185,0.2866667,5
35,38.7883,0.2788095,5
27,37.0629,0.2733333,5
22,59.7579,0.2430952,5
40,42.4694,0.2359524,5
42,48.1594,0.2288096,5
46,50.4706,0.2859524,4
47,45.0013,0.2859524,4
37,40.1504,0.2779487,4
37,42.0631,0.2779487,4
22,51.0528,0.2433333,4
44,38.925,0.2288096,4
46,50.2743,0.2859524,3
47,40.0047,0.2859524,3
55,53.0115,0.2859524,3
53,41.0981,0.282381,3
49,33.5101,0.2354546,3
51,41.5307,0.1808333,3
57,47.7883,0.2933334,2
60,54.0958,0.29,2
55,39.2367,0.2817949,2
46,45.9256,0.2779487,2
46,38.0488,0.2779487,2
47,41.3938,0.1833334,2
57,56.7357,0.2933334,1
65,59.4391,0.29,1
61,45.4216,0.2895238,1
60,51.2329,0.2866667,1
64,42.2528,0.1859524,1
68,36.1996,0.1766667,1
1,198.5482,0.1766667,10
2,32.7756,0.2733333,10
3,34.9654,0.2808333,10
4,44.5028,0.29,10
5,39.4311,0.282381,10
6,27.4864,0.2664103,10
14,44.3552,0.2866667,9
7,42.0618,0.282381,9
11,41.7001,0.2817949,9
9,51.7515,0.2433333,9
16,48.3792,0.232381,9
1,26.7138,0.1766667,9
19,47.1348,0.29,8
14,48.037,0.2866667,8
14,47.7231,0.2866667,8
17,55.8315,0.282381,8
9,59.2922,0.2433333,8
7,44.3318,0.2366667,8
21,45.1609,0.2933334,7
14,51.6575,0.2866667,7
25,47.6514,0.2866667,7
19,47.2341,0.2833333,7
23,39.8829,0.2833333,7
27,49.9274,0.24,7
21,46.3841,0.2933334,6
21,44.3604,0.2933334,6
35,54.0312,0.29,6
30,46.2202,0.2895238,6
33,41.8873,0.2866667,6
31,42.1785,0.28,6
37,37.0585,0.2788095,5
30,49.8825,0.1933333,5
35,34.9233,0.1817949,5
21,24.4272,0.1666667,5
21,21.1483,0.1666667,5
21,21.6783,0.1666667,5
37,47.9771,0.29,4
37,65.3686,0.29,4
37,58.0613,0.29,4
39,40.7029,0.285,4
41,48.1465,0.2833333,4
30,42.4862,0.2817949,4
47,40.623,0.2833333,3
44,39.1236,0.2817949,3
30,38.5656,0.2817949,3
46,31.6913,0.2775,3
37,38.0596,0.1788096,3
37,42.3552,0.1788096,3
50,38.8595,0.2817949,2
55,48.6208,0.2788095,2
47,31.8649,0.2252381,2
47,35.959,0.2252381,2
52,36.2938,0.1779487,2
53,45.9976,0.1779487,2
58,44.6099,0.29,1
59,44.9632,0.29,1
50,39.3246,0.2817949,1
55,24.7795,0.2809091,1
61,45.3616,0.2308333,1
64,36.6333,0.2141667,1
1,187.9609,0.1766667,10
2,35.1032,0.2733333,10
3,47.3267,0.2808333,10
4,57.3688,0.29,10
5,40.8639,0.282381,10
6,30.0726,0.2664103,10
13,54.9731,0.29,9
7,41.1097,0.282381,9
11,40.6971,0.2817949,9
15,48.6047,0.2718182,9
9,58.1095,0.2433333,9
1,30.2162,0.1766667,9
13,51.4918,0.29,8
13,50.6085,0.29,8
17,32.9034,0.2779487,8
7,50.8866,0.2366667,8
20,38.2701,0.235641,8
11,50.4852,0.235641,8
28,38.4232,0.2866667,7
21,55.9709,0.2395238,7
13,62.5051,0.2366667,7
13,52.1869,0.2366667,7
23,42.3915,0.2145238,7
26,39.5326,0.2144872,7
32,66.8922,0.29,6
28,44.0949,0.2866667,6
29,62.8574,0.2866667,6
13,61.1585,0.2366667,6
34,44.225,0.2366667,6
35,65.5349,0.2183333,6
32,63.1309,0.29,5
28,38.5723,0.2859524,5
37,46.2536,0.282381,5
29,41.0531,0.232381,5
13,51.7963,0.2083333,5
13,42.2476,0.2083333,5
32,59.9899,0.29,4
40,52.8237,0.29,4
43,35.3533,0.2808333,4
29,44.1946,0.2333333,4
29,48.7626,0.2333333,4
42,57.2041,0.1833334,4
48,50.7799,0.28,3
49,60.4322,0.2333333,3
46,66.6234,0.215,3
32,42.7541,0.2116667,3
32,42.8996,0.2116667,3
32,56.8893,0.2116667,3
49,39.1544,0.282381,2
49,46.5597,0.282381,2
51,39.1124,0.2752381,2
48,43.9094,0.232381,2
48,43.034,0.232381,2
54,48.3674,0.232381,2
60,38.7217,0.2833333,1
56,41.5114,0.282381,1
57,46.2213,0.282381,1
49,46.8576,0.2366667,1
49,44.3361,0.2366667,1
62,37.1697,0.2058333,1
1,236.9756,0.1766667,10
2,43.9244,0.2733333,10
3,34.7627,0.2808333,10
4,61.8332,0.29,10
5,47.7018,0.282381,10
6,33.697,0.2664103,10
13,60.8321,0.29,9
7,38.0173,0.282381,9
11,53.0369,0.2817949,9
15,32.7609,0.2718182,9
9,54.5905,0.2433333,9
1,27.4008,0.1766667,9
13,57.7665,0.29,8
19,44.1011,0.29,8
13,64.0565,0.29,8
17,35.7659,0.2779487,8
7,44.8587,0.2366667,8
11,45.9896,0.235641,8
21,50.9268,0.29,7
24,55.56,0.2866667,7
13,59.9469,0.2366667,7
13,48.9271,0.2366667,7
26,52.2327,0.2183333,7
28,62.2177,0.2083333,7
21,57.0444,0.29,6
29,50.8985,0.2866667,6
33,49.0972,0.2866667,6
32,42.2114,0.24,6
35,53.1335,0.2395238,6
26,48.6455,0.1933333,6
21,57.6495,0.29,5
35,46.6668,0.282381,5
32,57.5098,0.2366667,5
32,58.4631,0.2366667,5
33,46.2437,0.2366667,5
37,54.0283,0.215,5
39,53.9792,0.29,4
33,53.3597,0.2866667,4
41,58.3463,0.2866667,4
33,41.9241,0.2866667,4
21,30.6386,0.2309091,4
43,30.9086,0.2172728,4
39,49.9142,0.29,3
47,55.7362,0.29,3
52,42.0778,0.2833333,3
49,49.6081,0.24,3
46,38.859,0.2180953,3
54,40.1975,0.18,3
58,49.7444,0.29,2
39,27.83,0.2633334,2
59,52.191,0.2433333,2
52,47.7557,0.2317949,2
55,25.4787,0.2230303,2
47,32.0305,0.2025,2
58,36.9983,0.285,1
55,39.6719,0.282381,1
65,45.9773,0.28,1
62,35.0478,0.2639394,1
64,32.4844,0.2358334,1
52,43.0253,0.2317949,1
1,183.116,0.1766667,10
2,48.3262,0.2733333,10
3,36.772,0.2808333,10
4,55.9827,0.29,10
5,40.2643,0.282381,10
6,29.7206,0.2664103,10
14,49.1905,0.2866667,9
7,39.6767,0.282381,9
11,44.6659,0.2817949,9
15,37.7565,0.2718182,9
9,65.726,0.2433333,9
1,30.2033,0.1766667,9
14,42.0489,0.2866667,8
14,43.9393,0.2866667,8
17,36.7467,0.2779487,8
7,46.599,0.2366667,8
20,44.6417,0.235641,8
11,52.9167,0.235641,8
21,46.4331,0.2933334,7
27,45.2141,0.282381,7
14,45.4907,0.28,7
14,54.5555,0.28,7
25,38.0688,0.2317949,7
24,40.7402,0.1752381,7
21,52.8486,0.2933334,6
32,47.2462,0.2866667,6
29,47.2933,0.28,6
35,44.74,0.2433333,6
25,44.8183,0.2216667,6
34,46.0489,0.2183333,6
21,52.0983,0.2933334,5
21,56.1069,0.2933334,5
34,42.5904,0.232381,5
25,51.4924,0.2216667,5
37,59.2465,0.1866667,5
35,40.0208,0.1859524,5
40,52.3691,0.29,4
44,50.4212,0.29,4
21,35.7501,0.282381,4
21,42.3866,0.282381,4
34,43.5449,0.232381,4
42,32.3309,0.1718182,4
49,49.7019,0.29,3
40,55.753,0.2866667,3
40,47.8646,0.2866667,3
52,47.7418,0.2866667,3
45,49.8175,0.2288096,3
48,71.7804,0.2183333,3
55,62.4421,0.2866667,2
49,45.392,0.2808333,2
49,41.812,0.2808333,2
54,51.5252,0.24,2
58,51.8729,0.2316667,2
59,49.7257,0.1833334,2
61,49.0976,0.2833333,1
66,46.6039,0.2817949,1
49,43.3637,0.2808333,1
54,45.6291,0.2359524,1
63,39.0651,0.2083333,1
55,34.607,0.1763637,1
1,178.7818,0.1766667,10
2,41.1489,0.2733333,10
3,40.8023,0.2808333,10
4,57.1836,0.29,10
5,42.1999,0.282381,10
6,26.2949,0.2664103,10
14,48.3132,0.2866667,9
8,30.2419,0.2817949,9
11,45.0731,0.2817949,9
9,58.5492,0.2433333,9
16,32.85,0.232381,9
1,25.1482,0.1766667,9
19,63.5025,0.29,8
14,45.0107,0.2866667,8
17,41.0113,0.282381,8
9,61.0144,0.2433333,8
16,44.2116,0.2216667,8
8,61.4092,0.2183333,8
19,44.2593,0.29,7
24,41.4757,0.29,7
27,60.6464,0.29,7
22,56.4778,0.282381,7
25,44.5079,0.24,7
29,57.0088,0.2183333,7
22,64.6277,0.282381,6
19,50.6944,0.28,6
32,39.6084,0.2766667,6
25,44.0281,0.24,6
33,40.0563,0.232381,6
27,63.8352,0.2183333,6
22,43.5011,0.2866667,5
22,53.7485,0.2866667,5
36,36.6925,0.2817949,5
38,46.0828,0.24,5
40,42.4888,0.232381,5
41,36.4229,0.2038095,5
44,46.279,0.29,4
22,38.3085,0.2866667,4
22,40.9473,0.2866667,4
22,34.7441,0.2866667,4
46,58.2061,0.2833333,4
48,39.671,0.2833333,4
54,42.4725,0.2933334,3
44,50.4064,0.29,3
22,39.7564,0.2866667,3
56,36.2369,0.2833333,3
49,29.0295,0.2766667,3
51,32.9699,0.2308333,3
57,58.8197,0.2933334,2
54,59.2326,0.29,2
54,52.9298,0.29,2
60,58.6413,0.29,2
54,62.5166,0.29,2
44,93.7536,0.2866667,2
57,53.8669,0.2933334,1
64,45.8454,0.29,1
68,53.3549,0.29,1
69,52.0307,0.2866667,1
61,61.8289,0.2433333,1
65,52.2059,0.1933333,1
1,185.1228,0.1766667,10
2,33.7758,0.2733333,10
3,39.9766,0.2808333,10
4,52.8991,0.29,10
5,37.1304,0.282381,10
6,29.5448,0.2664103,10
14,46.5325,0.2866667,9
8,31.4165,0.2817949,9
11,44.3712,0.2817949,9
9,56.6262,0.2433333,9
16,36.6541,0.232381,9
1,31.8109,0.1766667,9
19,47.7855,0.29,8
14,43.3968,0.2866667,8
17,39.8204,0.282381,8
9,56.8913,0.2433333,8
16,40.7983,0.2216667,8
8,55.8625,0.2183333,8
19,40.1179,0.29,7
24,43.6708,0.29,7
26,47.9249,0.29,7
27,49.1719,0.29,7
22,51.7283,0.282381,7
29,50.1567,0.2183333,7
27,52.0763,0.29,6
32,47.9487,0.282381,6
19,37.8182,0.28,6
22,37.4695,0.2733333,6
26,48.1748,0.2433333,6
33,45.5991,0.2433333,6
39,39.0359,0.282381,5
42,48.326,0.2779487,5
36,48.5101,0.2359524,5
37,43.1141,0.2279487,5
27,50.4715,0.19,5
27,53.4566,0.19,5
43,35.9422,0.2817949,4
46,42.7152,0.28,4
42,52.1015,0.2779487,4
48,34.3897,0.2741026,4
39,41.272,0.232381,4
39,47.3887,0.232381,4
53,45.1739,0.2895238,3
52,35.4374,0.282381,3
43,39.4678,0.2817949,3
56,33.0845,0.2741026,3
49,30.1027,0.2725,3
42,37.2846,0.2317949,3
60,39.3785,0.2779487,2
53,30.2167,0.2775,2
53,26.5001,0.2775,2
53,27.5926,0.2775,2
62,42.3008,0.2366667,2
57,47.9955,0.2333333,2
63,37.1728,0.2859524,1
65,42.4836,0.2817949,1
68,34.4857,0.2809091,1
60,45.1366,0.2779487,1
60,41.5202,0.2779487,1
62,42.0629,0.2366667,1
1,226.6521,0.1766667,10
2,38.5598,0.2733333,10
3,41.3315,0.2808333,10
4,62.9935,0.29,10
5,40.6928,0.282381,10
6,31.6133,0.2664103,10
13,86.6769,0.29,9
7,52.8425,0.282381,9
11,62.0964,0.2817949,9
15,40.1374,0.2718182,9
9,93.8305,0.2433333,9
1,36.5616,0.1766667,9
13,66.1357,0.29,8
19,60.6465,0.29,8
13,55.7457,0.29,8
7,42.9003,0.2366667,8
11,53.8445,0.235641,8
18,40.8593,0.1672728,8
21,53.4322,0.29,7
27,45.4071,0.2859524,7
23,43.3049,0.24,7
13,58.3285,0.2366667,7
13,54.5013,0.2366667,7
25,38.1644,0.2279487,7
21,60.7398,0.29,6
35,48.3409,0.29,6
37,38.1402,0.2866667,6
29,32.686,0.2817949,6
34,48.3303,0.2817949,6
32,50.8144,0.24,6
21,45.1617,0.29,5
21,43.2539,0.29,5
32,35.9705,0.2763637,5
39,61.2087,0.2216667,5
35,43.3339,0.2183333,5
34,51.4509,0.1866667,5
42,46.4571,0.2866667,4
45,39.9731,0.2808333,4
21,35.6574,0.2359524,4
21,42.1426,0.2359524,4
48,41.1388,0.2317949,4
43,51.5254,0.2216667,4
53,49.5976,0.29,3
51,51.813,0.2866667,3
45,39.048,0.2808333,3
50,48.0664,0.2395238,3
42,45.6732,0.2333333,3
42,52.5207,0.2333333,3
57,41.2732,0.2930952,2
42,45.7324,0.2833333,2
53,42.0552,0.2817949,2
53,38.9453,0.2817949,2
45,43.7707,0.2394872,2
55,35.9471,0.185,2
60,54.5173,0.2866667,1
61,48.5948,0.2833333,1
65,44.1566,0.282381,1
63,35.3928,0.2817949,1
57,31.3536,0.2391667,1
57,36.8881,0.2391667,1
1,250.6257,0.1766667,10
2,47.4591,0.2733333,10
3,38.8121,0.2808333,10
4,52.1971,0.29,10
5,43.2691,0.282381,10
6,27.5114,0.2664103,10
13,65.0339,0.29,9
7,36.0754,0.282381,9
11,77.4224,0.2817949,9
15,35.7024,0.2718182,9
9,63.9664,0.2433333,9
1,26.4544,0.1766667,9
13,59.1966,0.29,8
19,58.5014,0.29,8
13,54.7344,0.29,8
17,38.6981,0.2779487,8
7,45.5965,0.2366667,8
11,46.3734,0.235641,8
21,53.4301,0.29,7
19,51.4368,0.29,7
24,50.8507,0.2866667,7
13,54.0274,0.2366667,7
26,44.643,0.2183333,7
28,52.0279,0.2083333,7
21,51.9351,0.29,6
33,54.6209,0.29,6
21,51.5117,0.29,6
35,46.9693,0.2866667,6
30,35.6832,0.282381,6
32,41.5397,0.2333333,6
21,52.851,0.29,5
21,62.7388,0.29,5
21,53.9613,0.29,5
35,39.814,0.282381,5
39,40.4657,0.232381,5
37,47.105,0.2317949,5
21,36.3156,0.2866667,4
21,39.8674,0.2866667,4
42,58.9988,0.2866667,4
21,41.8951,0.2866667,4
21,35.062,0.2866667,4
43,19.8617,0.2755556,4
42,55.2513,0.2866667,3
42,55.9094,0.2866667,3
21,62.7861,0.2859524,3
49,45.957,0.2859524,3
48,38.2646,0.2808333,3
45,46.6343,0.2779487,3
51,61.6957,0.2866667,2
49,45.2421,0.2859524,2
49,49.0739,0.2859524,2
53,48.1951,0.2833333,2
42,33.776,0.2766667,2
56,48.8189,0.2766667,2
51,59.1156,0.2866667,1
58,52.6523,0.2833333,1
64,52.8005,0.2833333,1
61,53.5838,0.2779487,1
59,56.093,0.24,1
65,49.6233,0.2183333,1
1,178.9474,0.1766667,10
2,35.1886,0.2733333,10
3,45.0698,0.2808333,10
4,55.9218,0.29,10
5,38.8422,0.282381,10
6,30.6378,0.2664103,10
14,42.1389,0.2866667,9
7,46.7483,0.282381,9
11,39.0551,0.2817949,9
15,35.9495,0.2718182,9
9,59.8811,0.2433333,9
1,29.4449,0.1766667,9
14,45.4452,0.2866667,8
14,46.2616,0.2866667,8
17,40.6151,0.2779487,8
7,36.3614,0.2366667,8
20,56.4149,0.235641,8
11,46.2226,0.235641,8
21,57.0439,0.2933334,7
27,52.0412,0.282381,7
14,55.8288,0.28,7
14,57.7507,0.28,7
25,35.4083,0.2317949,7
23,43.4463,0.2145238,7
21,55.826,0.2933334,6
33,51.453,0.29,6
32,46.5337,0.2866667,6
29,44.7706,0.28,6
14,47.0963,0.28,6
36,41.2433,0.215,6
21,67.8845,0.2933334,5
21,67.1678,0.2933334,5
32,91.7932,0.29,5
14,73.8081,0.28,5
14,42.933,0.28,5
37,50.4668,0.2366667,5
32,48.1435,0.29,4
32,42.9735,0.29,4
39,57.2603,0.2866667,4
41,30.3714,0.2808333,4
44,30.5994,0.2718182,4
21,40.1409,0.2433333,4
46,54.0432,0.29,3
48,33.4247,0.2788095,3
39,34.4259,0.2766667,3
32,43.2337,0.2109524,3
32,40.0986,0.2109524,3
21,54.5255,0.1933333,3
52,43.4796,0.2930952,2
46,54.1795,0.29,2
49,48.3036,0.2866667,2
55,44.2634,0.2183333,2
53,50.0792,0.2109524,2
58,45.1765,0.1866667,2
60,52.4787,0.29,1
61,56.6983,0.2866667,1
66,37.6806,0.2716667,1
52,43.239,0.2333333,1
52,42.6113,0.2333333,1
64,34.0526,0.2288096,1
1,190.5975,0.1766667,10
2,43.1917,0.2733333,10
3,41.0445,0.2808333,10
4,48.9294,0.29,10
5,40.5496,0.282381,10
6,27.4737,0.2664103,10
13,69.3524,0.29,9
7,41.21,0.282381,9
11,46.9796,0.2817949,9
15,36.8551,0.2718182,9
9,59.7226,0.2433333,9
1,27.0043,0.1766667,9
13,63.8424,0.29,8
13,69.7895,0.29,8
17,38.091,0.2779487,8
7,41.7276,0.2366667,8
20,43.8645,0.235641,8
11,46.6495,0.235641,8
28,48.2873,0.2866667,7
21,60.9668,0.2395238,7
13,48.4941,0.2366667,7
13,55.4359,0.2366667,7
25,41.9473,0.2317949,7
24,36.2489,0.1752381,7
32,61.8235,0.29,6
28,44.4873,0.2866667,6
29,48.3093,0.2866667,6
13,52.606,0.2366667,6
33,46.0767,0.2366667,6
35,53.2949,0.2183333,6
32,48.9162,0.29,5
32,59.5431,0.29,5
38,49.0365,0.2817949,5
29,41.6169,0.232381,5
13,47.4347,0.2083333,5
13,44.5528,0.2083333,5
44,42.2138,0.2859524,4
38,42.1446,0.2817949,4
42,24.2482,0.2718182,4
32,68.38,0.24,4
32,51.9681,0.24,4
39,58.9599,0.2288096,4
48,47.2554,0.282381,3
49,38.0189,0.2817949,3
44,48.991,0.2788095,3
44,54.3758,0.2788095,3
45,47.604,0.2359524,3
51,50.2822,0.1817949,3
54,46.9976,0.2859524,2
55,45.9678,0.2859524,2
44,45.2684,0.2788095,2
48,37.9807,0.2766667,2
48,48.3025,0.2766667,2
57,40.0049,0.2106411,2
60,45.6367,0.2859524,1
54,38.4983,0.2808333,1
54,36.1113,0.2808333,1
62,40.5393,0.2788095,1
65,39.4559,0.2366667,1
63,39.1219,0.2316667,1
1,195.1171,0.1766667,10
2,39.7397,0.2683333,10
3,29.6325,0.2763637,10
4,49.4872,0.2859524,10
5,33.212,0.2775,10
6,24.6597,0.259394,10
13,51.2157,0.2859524,9
11,51.3185,0.2816667,9
7,33.6726,0.2775,9
9,50.5405,0.2366667,9
16,40.1982,0.2358334,9
1,29.2217,0.1766667,9
13,35.3816,0.2859524,8
18,43.3227,0.2859524,8
13,42.2139,0.2859524,8
20,51.8075,0.2817949,8
11,32.1682,0.2275,8
11,31.7474,0.2275,8
22,53.7662,0.2833333,7
23,39.5261,0.2775,7
27,43.3998,0.2395238,7
13,37.2178,0.2288096,7
13,37.9007,0.2288096,7
26,46.2814,0.2145238,7
38,35.8246,0.2894872,6
22,50.9794,0.2833333,6
32,46.7649,0.2833333,6
35,62.0541,0.2833333,6
34,39.2396,0.2275,6
29,54.1524,0.2183333,6
38,51.2285,0.2894872,5
38,40.1242,0.2894872,5
39,49.9703,0.285641,5
35,51.8209,0.28,5
29,21.9405,0.2666667,5
22,49.6963,0.2116667,5
43,51.13,0.2766667,4
48,33.2555,0.2716667,4
45,30.4268,0.2672727,4
42,61.8477,0.2395238,4
38,49.1285,0.2358334,4
38,40.5115,0.2358334,4
43,45.2425,0.2766667,3
51,48.4038,0.2766667,3
45,33.1148,0.2725,3
53,25.7409,0.2672727,3
38,46.0589,0.2359524,3
50,56.2838,0.2216667,3
61,47.5745,0.2752381,2
43,24.9122,0.2730303,2
56,33.5777,0.2718182,2
45,36.8021,0.2716667,2
60,58.7108,0.2366667,2
57,52.5545,0.2359524,2
63,38.8989,0.2733333,1
43,24.4002,0.2730303,1
61,28.4648,0.2666667,1
67,31.0528,0.2275,1
65,33.8195,0.2241026,1
45,28.9383,0.2241026,1
1,375.5519,0.1766667,10
2,15.5166,0.1683333,10
3,11.2647,0.1763637,10
4,16.0152,0.1859524,10
5,13.044,0.1775,10
6,19.1864,0.1593939,10
9,9.9426,0.1866667,9
16,16.8607,0.1858334,9
14,11.3161,0.1833334,9
7,17.3177,0.1775,9
1,9.3621,0.1766667,9
11,9.6968,0.1741026,9
9,9.6997,0.1866667,8
16,10.9216,0.1856411,8
16,10.4229,0.1856411,8
19,11.6861,0.1833334,8
17,11.2784,0.1788096,8
1,12.388,0.1752381,8
25,12.2609,0.1866667,7
16,15.5068,0.1856411,7
22,14.1599,0.1833334,7
9,10.8446,0.1779487,7
28,12.2286,0.1766667,7
24,11.7299,0.1733334,7
25,13.781,0.1866667,6
29,11.8971,0.1866667,6
25,10.8533,0.1866667,6
33,9.4163,0.1856411,6
31,11.718,0.182381,6
36,10.5694,0.1716667,6
29,7.5859,0.1933333,5
25,8.5443,0.1866667,5
39,6.9578,0.1859524,5
38,7.1561,0.1856411,5
33,10.3157,0.1817949,5
33,7.2415,0.1817949,5
29,12.4041,0.1933333,4
42,9.6201,0.1933333,4
29,8.2735,0.1933333,4
39,9.8271,0.1752381,4
46,6.118,0.1716667,4
44,5.8399,0.1684849,4
47,9.891,0.1866667,3
42,8.5202,0.1866667,3
52,8.654,0.182381,3
29,9.8418,0.1788096,3
29,10.3755,0.1788096,3
49,8.6319,0.1775,3
58,11.4916,0.19,2
59,8.5784,0.1859524,2
53,7.7133,0.1833334,2
47,7.7772,0.1808333,2
47,8.574,0.1808333,2
55,6.7808,0.1775,2
62,12.5378,0.19,1
64,11.9375,0.1833334,1
47,9.0929,0.1808333,1
59,10.3455,0.1779487,1
65,7.9753,0.1775758,1
58,9.2763,0.1666667,1
1,187.115,0.0860399156808853,0.307692319154739,10
2,22.8623,0.68703705072403,0.300000011920929,10
3,25.7826,0.085185207426548,0.333333343267441,10
4,29.6,0.095502644777298,0.142857149243355,10
5,22.4571,0.697222232818604,0.25,10
6,21.3423,0.678703725337982,0.25,10
8,17.9392,0.808333337306976,0.25,9
16,18.7794,0.701994299888611,0.15384615957737,9
13,20.0946,0.697222232818604,0.25,9
9,35.5293,0.097453698515892,0.1875,9
1,18.9387,0.0860399156808853,0.307692319154739,9
11,27.1689,0.085185207426548,0.266666680574417,9
8,18.8005,0.808333337306976,0.25,8
8,24.0264,0.808333337306976,0.25,8
21,27.3107,0.808333337306976,0.25,8
20,37.529,0.701851844787598,0.0833333358168602,8
16,30.5228,0.697222232818604,0.25,8
17,23.5553,0.0939814746379852,0.1875,8
27,43.1226,0.816203713417053,0.1875,7
21,32.8963,0.710541307926178,0.230769231915474,7
21,43.4075,0.710541307926178,0.230769231915474,7
24,51.1702,0.708564817905426,0.25,7
26,45.9007,0.701851844787598,0.25,7
8,28.1599,0.69772082567215,0.230769231915474,7
21,46.5639,0.714550256729126,0.142857149243355,6
31,30.2935,0.71058201789856,0.142857149243355,6
24,42.8266,0.708564817905426,0.25,6
30,26.0395,0.706481456756592,0.25,6
33,24.5878,0.706481456756592,0.16666667163372,6
27,27.5154,0.083597868680954,0.28571429848671,6
21,25.599,0.714814841747284,0.133333340287209,5
21,28.0189,0.714814841747284,0.133333340287209,5
33,26.1582,0.711111128330231,0.133333340287209,5
39,29.7472,0.711111128330231,0.16666667163372,5
36,32.5046,0.708564817905426,0.25,5
38,31.744,0.707407414913177,0.133333340287209,5
42,29.9664,0.716557741165161,0.176470592617989,4
33,27.8618,0.711111128330231,0.133333340287209,4
38,26.1669,0.707407414913177,0.133333340287209,4
43,23.9896,0.707407414913177,0.200000002980232,4
36,26.1931,0.706613779067993,0.214285716414452,4
21,21.9318,0.706267833709717,0.230769231915474,4
42,31.0393,0.716557741165161,0.176470592617989,3
49,34.067,0.711111128330231,0.266666680574417,3
33,23.9726,0.711111128330231,0.133333340287209,3
51,17.0571,0.702645480632782,0.214285716414452,3
45,25.5036,0.697151005268097,0.230769231915474,3
48,30.9065,0.0925926119089127,0.266666680574417,3
59,31.7795,0.825925946235657,0.133333340287209,2
58,38.15,0.8137566447258,0.28571429848671,2
42,37.0456,0.716557741165161,0.176470592617989,2
55,38.3138,0.716557741165161,0.176470592617989,2
49,30.8965,0.71058201789856,0.142857149243355,2
54,24.1811,0.701994299888611,0.230769231915474,2
54,26.9338,0.798316478729248,0.272727280855179,1
61,31.5658,0.716557741165161,0.176470592617989,1
66,30.1876,0.701851844787598,0.16666667163372,1
64,15.3155,0.697306394577026,0.181818187236786,1
59,29.8676,0.0939814746379852,0.25,1
59,28.2654,0.0939814746379852,0.25,1
1,158.2903,0.0860399156808853,0.307692319154739,10
2,17.7485,0.68703705072403,0.300000011920929,10
3,21.094,0.085185207426548,0.333333343267441,10
4,24.8408,0.095502644777298,0.142857149243355,10
5,24.1855,0.697222232818604,0.25,10
6,23.1336,0.678703725337982,0.25,10
8,28.0523,0.808333337306976,0.25,9
16,32.1656,0.701994299888611,0.15384615957737,9
13,36.465,0.697222232818604,0.25,9
9,36.7764,0.097453698515892,0.1875,9
1,21.3398,0.0860399156808853,0.307692319154739,9
11,29.383,0.085185207426548,0.266666680574417,9
8,45.5633,0.808333337306976,0.25,8
8,20.165,0.808333337306976,0.25,8
21,19.7673,0.808333337306976,0.25,8
20,30.0099,0.701851844787598,0.0833333358168602,8
16,23.0047,0.697222232818604,0.25,8
17,17.2227,0.0939814746379852,0.1875,8
27,31.1058,0.816203713417053,0.1875,7
21,28.7665,0.710541307926178,0.230769231915474,7
21,25.3408,0.710541307926178,0.230769231915474,7
24,29.0139,0.708564817905426,0.25,7
26,29.0216,0.701851844787598,0.25,7
8,19.2555,0.69772082567215,0.230769231915474,7
21,22.1361,0.714550256729126,0.142857149243355,6
31,23.7136,0.71058201789856,0.142857149243355,6
24,30.7618,0.708564817905426,0.25,6
30,25.5455,0.706481456756592,0.25,6
33,24.1891,0.706481456756592,0.16666667163372,6
27,18.0866,0.083597868680954,0.28571429848671,6
21,38.6569,0.714814841747284,0.133333340287209,5
21,22.7131,0.714814841747284,0.133333340287209,5
33,33.5936,0.711111128330231,0.133333340287209,5
39,31.4751,0.711111128330231,0.16666667163372,5
36,30.5895,0.708564817905426,0.25,5
38,23.3963,0.707407414913177,0.133333340287209,5
42,32.9447,0.716557741165161,0.176470592617989,4
33,31.0918,0.711111128330231,0.133333340287209,4
38,25.3082,0.707407414913177,0.133333340287209,4
43,23.3884,0.707407414913177,0.200000002980232,4
36,23.3364,0.706613779067993,0.214285716414452,4
21,26.4624,0.706267833709717,0.230769231915474,4
42,35.866,0.716557741165161,0.176470592617989,3
49,26.9564,0.711111128330231,0.266666680574417,3
33,22.504,0.711111128330231,0.133333340287209,3
51,20.7846,0.702645480632782,0.214285716414452,3
45,27.2836,0.697151005268097,0.230769231915474,3
48,24.9351,0.0925926119089127,0.266666680574417,3
59,28.9369,0.825925946235657,0.133333340287209,2
58,27.0601,0.8137566447258,0.28571429848671,2
42,36.2655,0.716557741165161,0.176470592617989,2
55,38.8363,0.716557741165161,0.176470592617989,2
49,27.1708,0.71058201789856,0.142857149243355,2
54,19.7712,0.701994299888611,0.230769231915474,2
54,16.2123,0.798316478729248,0.272727280855179,1
61,30.8406,0.716557741165161,0.176470592617989,1
66,22.2937,0.701851844787598,0.16666667163372,1
64,21.4822,0.697306394577026,0.181818187236786,1
59,30.3513,0.0939814746379852,0.25,1
59,19.4285,0.0939814746379852,0.25,1
